32 ' ' 0.0 0.0 0
33 '!' 0.0 1.6722427e-3 1
34 '"' 3.344492e-3 8.361205e-3 3
35 '#' 1.0033459e-2 2.3411429e-2 8
36 '$' 2.5083564e-2 3.3444922e-2 5
37 '%' 3.5117056e-2 5.1839434e-2 10
38 '&' 5.351174e-2 6.688967e-2 8
39 '\'' 6.856198e-2 7.023411e-2 1
40 '(' 7.190642e-2 7.692317e-2 3
41 ')' 7.85953e-2 8.361205e-2 3
42 '*' 8.528435e-2 9.364554e-2 5
43 '+' 9.531785e-2 0.10702348 7
44 ',' 0.10869578 0.110367924 1
45 '-' 0.11204023 0.117056966 3
46 '.' 0.11872911 0.12040141 1
47 '/' 0.12207372 0.1287626 4
48 '0' 0.1304349 0.1404684 6
49 '1' 0.14214054 0.14715728 3
50 '2' 0.1488296 0.1588629 6
51 '3' 0.16053522 0.1705687 6
52 '4' 0.17224102 0.18227382 6
53 '5' 0.18394682 0.19397962 6
54 '6' 0.19565262 0.20568542 6
55 '7' 0.20735842 0.21739124 6
56 '8' 0.21906422 0.22909702 6
57 '9' 0.23077 0.24080282 6
58 ':' 0.24247581 0.2441471 1
59 ';' 0.24582009 0.24749136 1
60 '<' 0.24916437 0.25919715 6
61 '=' 0.26087016 0.27257594 7
62 '>' 0.27424723 0.28428176 6
63 '?' 0.28595302 0.29431456 5
64 '@' 0.29598755 0.31605318 12
65 'A' 0.31772617 0.33277622 9
66 'B' 0.33444923 0.34615332 7
67 'C' 0.3478263 0.3595321 7
68 'D' 0.3612051 0.3729092 7
69 'E' 0.37458217 0.38628796 7
70 'F' 0.38796097 0.39799377 6
71 'G' 0.39966506 0.41304383 8
72 'H' 0.41471684 0.42642093 7
73 'I' 0.4280939 0.42976692 1
74 'J' 0.43143818 0.4397997 5
75 'K' 0.4414727 0.45484978 8
76 'L' 0.4565228 0.46655557 6
77 'M' 0.46822858 0.48327866 9
78 'N' 0.48494992 0.49665573 7
79 'O' 0.49832875 0.5117058 8
80 'P' 0.51337874 0.5250846 7
81 'Q' 0.52675587 0.5401346 8
82 'R' 0.5418059 0.55351174 7
83 'S' 0.5551847 0.5668905 7
84 'T' 0.5685618 0.5802676 7
85 'U' 0.5819406 0.59364635 7
86 'V' 0.59531766 0.6103678 9
87 'W' 0.6120407 0.63377935 13
88 'X' 0.63545233 0.6471581 7
89 'Y' 0.6488294 0.6605352 7
90 'Z' 0.6622082 0.67391396 7
91 '[' 0.67558527 0.6789295 2
92 '\\' 0.68060255 0.6872911 4
93 ']' 0.68896407 0.6923083 2
94 '^' 0.6939796 0.70234114 5
95 '_' 0.7040141 0.71571994 7
96 '`' 0.71739125 0.7207355 2
97 'a' 0.7224085 0.73077 5
98 'b' 0.73244125 0.7408028 5
99 'c' 0.7424758 0.7508373 5
100 'd' 0.75250864 0.76087016 5
101 'e' 0.76254314 0.770903 5
102 'f' 0.7725759 0.7792645 4
103 'g' 0.78093743 0.789299 5
104 'h' 0.79097027 0.7993318 5
105 'i' 0.8010031 0.8026761 1
106 'j' 0.80434906 0.8093646 3
107 'k' 0.8110376 0.8193992 5
108 'l' 0.82107043 0.8227434 1
109 'm' 0.82441473 0.8394647 9
110 'n' 0.84113777 0.8494993 5
111 'o' 0.8511706 0.8595321 5
112 'p' 0.86120504 0.86956656 5
113 'q' 0.8712379 0.8795994 5
114 'r' 0.8812707 0.886288 3
115 's' 0.8879609 0.8963224 5
116 't' 0.89799374 0.903011 3
117 'u' 0.90468234 0.91304386 5
118 'v' 0.9147168 0.9230783 5
119 'w' 0.9247496 0.9397997 9
120 'x' 0.94147265 0.94983417 5
121 'y' 0.9515055 0.959867 5
122 'z' 0.9615383 0.96989983 5
123 '{' 0.9715728 0.97659004 3
124 '|' 0.97826135 0.97993433 1
125 '}' 0.98160565 0.98662287 3
126 '~' 0.9882942 1.0 7
