(936
,[
11.3079,45.6105,-6.66262,-4.99517e-4,-0.99950004,-1.0,1.80793e-7,-9.13973e-8,
27.0404,59.7445,3.98879,-4.99755e-4,-4.9996376e-4,-1.0,2.97985e-8,5.96008e-8,
17.8372,54.105,25.0656,-0.999501,-4.9996376e-4,-1.0,1.80793e-7,-9.13973e-8,
17.8372,54.105,25.0656,-0.999501,-4.9996376e-4,-1.0,1.80793e-7,-9.13973e-8,
2.10472,39.9711,14.4141,-0.9995,-0.99950004,-1.0,2.97985e-8,5.96008e-8,
11.3079,45.6105,-6.66262,-4.99517e-4,-0.99950004,-1.0,1.80793e-7,-9.13973e-8,
2.10472,39.9711,14.4141,-4.99517e-4,-0.99950004,1.0,1.21196e-7,-2.10599e-7,
17.8372,54.105,25.0656,-4.99755e-4,-4.9996376e-4,-1.0,1.80793e-7,-9.13973e-8,
27.0404,59.7445,3.98879,-0.999501,-4.9996376e-4,1.0,1.21196e-7,-2.10599e-7,
27.0404,59.7445,3.98879,-0.999501,-4.9996376e-4,1.0,1.21196e-7,-2.10599e-7,
11.3079,45.6105,-6.66262,-0.9995,-0.99950004,-1.0,1.80793e-7,-9.13973e-8,
2.10472,39.9711,14.4141,-4.99517e-4,-0.99950004,1.0,1.21196e-7,-2.10599e-7,
14.2648,33.7194,4.74899,-4.99517e-4,-0.99950004,2.8412e-7,2.26493e-7,-1.0,
29.9973,47.8534,15.4004,-4.99755e-4,-4.9996376e-4,1.33122e-7,7.54953e-8,-1.0,
14.8803,65.9961,13.6539,-0.999501,-4.9996376e-4,2.8412e-7,2.26493e-7,-1.0,
14.8803,65.9961,13.6539,-0.999501,-4.9996376e-4,2.8412e-7,2.26493e-7,-1.0,
-0.852148,51.8622,3.00253,-0.9995,-0.99950004,1.33122e-7,7.54953e-8,-1.0,
14.2648,33.7194,4.74899,-4.99517e-4,-0.99950004,2.8412e-7,2.26493e-7,-1.0,
-0.852149,51.8622,3.00254,-4.99517e-4,-0.99950004,1.78766e-8,7.55029e-8,1.0,
14.8803,65.9961,13.6539,-4.99755e-4,-4.9996376e-4,2.8412e-7,2.26493e-7,-1.0,
29.9973,47.8534,15.4004,-0.999501,-4.9996376e-4,1.78766e-8,7.55029e-8,1.0,
29.9973,47.8534,15.4004,-0.999501,-4.9996376e-4,1.78766e-8,7.55029e-8,1.0,
14.2648,33.7194,4.74899,-0.9995,-0.99950004,2.8412e-7,2.26493e-7,-1.0,
-0.852149,51.8622,3.00254,-4.99517e-4,-0.99950004,1.78766e-8,7.55029e-8,1.0,
17.2682,47.3801,-0.841833,-4.99517e-4,-0.99950004,-1.0,1.80793e-7,-9.13973e-8,
33.497,38.4299,5.93433,-4.99755e-4,-4.9996376e-4,-1.0,2.97985e-8,5.96008e-8,
26.8931,40.4505,24.4195,-0.999501,-4.9996376e-4,-1.0,1.80793e-7,-9.13973e-8,
26.8931,40.4505,24.4195,-0.999501,-4.9996376e-4,-1.0,1.80793e-7,-9.13973e-8,
10.6643,49.4007,17.6434,-0.9995,-0.99950004,-1.0,2.97985e-8,5.96008e-8,
17.2682,47.3801,-0.841833,-4.99517e-4,-0.99950004,-1.0,1.80793e-7,-9.13973e-8,
10.6643,49.4007,17.6434,-4.99517e-4,-0.99950004,1.0,1.21196e-7,-2.10599e-7,
26.8931,40.4505,24.4195,-4.99755e-4,-4.9996376e-4,-1.0,1.80793e-7,-9.13973e-8,
33.497,38.4299,5.93433,-0.999501,-4.9996376e-4,1.0,1.21196e-7,-2.10599e-7,
33.497,38.4299,5.93433,-0.999501,-4.9996376e-4,1.0,1.21196e-7,-2.10599e-7,
17.2682,47.3801,-0.841833,-0.9995,-0.99950004,-1.0,1.80793e-7,-9.13973e-8,
10.6643,49.4007,17.6434,-4.99517e-4,-0.99950004,1.0,1.21196e-7,-2.10599e-7,
9.4272,39.6553,7.73402,-4.99517e-4,-0.99950004,2.8412e-7,2.26493e-7,-1.0,
25.656,30.7051,14.5102,-4.99755e-4,-4.9996376e-4,1.33122e-7,7.54953e-8,-1.0,
34.7341,48.1753,15.8437,-0.999501,-4.9996376e-4,2.8412e-7,2.26493e-7,-1.0,
34.7341,48.1753,15.8437,-0.999501,-4.9996376e-4,2.8412e-7,2.26493e-7,-1.0,
18.5053,57.1255,9.06753,-0.9995,-0.99950004,1.33122e-7,7.54953e-8,-1.0,
9.4272,39.6553,7.73402,-4.99517e-4,-0.99950004,2.8412e-7,2.26493e-7,-1.0,
18.5053,57.1255,9.06753,-4.99517e-4,-0.99950004,1.78766e-8,7.55029e-8,1.0,
34.7341,48.1753,15.8437,-4.99755e-4,-4.9996376e-4,2.8412e-7,2.26493e-7,-1.0,
25.656,30.7051,14.5102,-0.999501,-4.9996376e-4,1.78766e-8,7.55029e-8,1.0,
25.656,30.7051,14.5102,-0.999501,-4.9996376e-4,1.78766e-8,7.55029e-8,1.0,
9.4272,39.6553,7.73402,-0.9995,-0.99950004,2.8412e-7,2.26493e-7,-1.0,
18.5053,57.1255,9.06753,-4.99517e-4,-0.99950004,1.78766e-8,7.55029e-8,1.0,
19.8481,53.4193,2.90009,-4.99517e-4,-0.99950004,-1.0,1.80793e-7,-9.13973e-8,
36.5769,49.7609,7.60929,-4.99755e-4,-4.9996376e-4,-1.0,2.97985e-8,5.96008e-8,
30.8131,43.4386,23.1727,-0.999501,-4.9996376e-4,-1.0,1.80793e-7,-9.13973e-8,
30.8131,43.4386,23.1727,-0.999501,-4.9996376e-4,-1.0,1.80793e-7,-9.13973e-8,
14.0844,47.097,18.4635,-0.9995,-0.99950004,-1.0,2.97985e-8,5.96008e-8,
19.8481,53.4193,2.90009,-4.99517e-4,-0.99950004,-1.0,1.80793e-7,-9.13973e-8,
14.0844,47.097,18.4635,-4.99517e-4,-0.99950004,1.0,1.21196e-7,-2.10599e-7,
30.8131,43.4386,23.1727,-4.99755e-4,-4.9996376e-4,-1.0,1.80793e-7,-9.13973e-8,
36.5769,49.7609,7.60929,-0.999501,-4.9996376e-4,1.0,1.21196e-7,-2.10599e-7,
36.5769,49.7609,7.60929,-0.999501,-4.9996376e-4,1.0,1.21196e-7,-2.10599e-7,
19.8481,53.4193,2.90009,-0.9995,-0.99950004,-1.0,1.80793e-7,-9.13973e-8,
14.0844,47.097,18.4635,-4.99517e-4,-0.99950004,1.0,1.21196e-7,-2.10599e-7,
16.2015,42.1641,7.11056,-4.99517e-4,-0.99950004,2.8412e-7,2.26493e-7,-1.0,
32.9302,38.5056,11.8198,-4.99755e-4,-4.9996376e-4,1.33122e-7,7.54953e-8,-1.0,
34.4598,54.6938,18.9622,-0.999501,-4.9996376e-4,2.8412e-7,2.26493e-7,-1.0,
34.4598,54.6938,18.9622,-0.999501,-4.9996376e-4,2.8412e-7,2.26493e-7,-1.0,
17.731,58.3523,14.253,-0.9995,-0.99950004,1.33122e-7,7.54953e-8,-1.0,
16.2015,42.1641,7.11056,-4.99517e-4,-0.99950004,2.8412e-7,2.26493e-7,-1.0,
17.731,58.3523,14.2531,-4.99517e-4,-0.99950004,1.78766e-8,7.55029e-8,1.0,
34.4598,54.6938,18.9622,-4.99755e-4,-4.9996376e-4,2.8412e-7,2.26493e-7,-1.0,
32.9302,38.5056,11.8198,-0.999501,-4.9996376e-4,1.78766e-8,7.55029e-8,1.0,
32.9302,38.5056,11.8198,-0.999501,-4.9996376e-4,1.78766e-8,7.55029e-8,1.0,
16.2015,42.1641,7.11056,-0.9995,-0.99950004,2.8412e-7,2.26493e-7,-1.0,
17.731,58.3523,14.2531,-4.99517e-4,-0.99950004,1.78766e-8,7.55029e-8,1.0,
-8.34229,43.9983,-6.00497,-4.99517e-4,-0.99950004,-1.0,1.80793e-7,-9.13973e-8,
9.04733,57.6423,-14.5005,-4.99755e-4,-4.9996376e-4,-1.0,2.97985e-8,5.96008e-8,
25.084,43.7517,-3.98343,-0.999501,-4.9996376e-4,-1.0,1.80793e-7,-9.13973e-8,
25.084,43.7517,-3.98343,-0.999501,-4.9996376e-4,-1.0,1.80793e-7,-9.13973e-8,
7.69441,30.1077,4.51214,-0.9995,-0.99950004,-1.0,2.97985e-8,5.96008e-8,
-8.34229,43.9983,-6.00497,-4.99517e-4,-0.99950004,-1.0,1.80793e-7,-9.13973e-8,
7.69441,30.1077,4.51213,-4.99517e-4,-0.99950004,1.0,1.21196e-7,-2.10599e-7,
25.084,43.7517,-3.98343,-4.99755e-4,-4.9996376e-4,-1.0,1.80793e-7,-9.13973e-8,
9.04733,57.6423,-14.5005,-0.999501,-4.9996376e-4,1.0,1.21196e-7,-2.10599e-7,
9.04733,57.6423,-14.5005,-0.999501,-4.9996376e-4,1.0,1.21196e-7,-2.10599e-7,
-8.34229,43.9983,-6.00497,-0.9995,-0.99950004,-1.0,1.80793e-7,-9.13973e-8,
7.69441,30.1077,4.51213,-4.99517e-4,-0.99950004,1.0,1.21196e-7,-2.10599e-7,
0.214235,30.3146,-10.4669,-4.99517e-4,-0.99950004,2.8412e-7,2.26493e-7,-1.0,
17.6039,43.9586,-18.9624,-4.99755e-4,-4.9996376e-4,1.33122e-7,7.54953e-8,-1.0,
16.5275,57.4355,0.478467,-0.999501,-4.9996376e-4,2.8412e-7,2.26493e-7,-1.0,
16.5275,57.4355,0.478467,-0.999501,-4.9996376e-4,2.8412e-7,2.26493e-7,-1.0,
-0.862109,43.7914,8.97403,-0.9995,-0.99950004,1.33122e-7,7.54953e-8,-1.0,
0.214235,30.3146,-10.4669,-4.99517e-4,-0.99950004,2.8412e-7,2.26493e-7,-1.0,
-0.862107,43.7914,8.97403,-4.99517e-4,-0.99950004,1.78766e-8,7.55029e-8,1.0,
16.5275,57.4355,0.478467,-4.99755e-4,-4.9996376e-4,2.8412e-7,2.26493e-7,-1.0,
17.6039,43.9586,-18.9624,-0.999501,-4.9996376e-4,1.78766e-8,7.55029e-8,1.0,
17.6039,43.9586,-18.9624,-0.999501,-4.9996376e-4,1.78766e-8,7.55029e-8,1.0,
0.214235,30.3146,-10.4669,-0.9995,-0.99950004,2.8412e-7,2.26493e-7,-1.0,
-0.862107,43.7914,8.97403,-4.99517e-4,-0.99950004,1.78766e-8,7.55029e-8,1.0,
-5.37706,44.8683,-11.2632,-4.99517e-4,-0.99950004,-1.0,1.80793e-7,-9.13973e-8,
0.60763,57.9054,-24.8137,-4.99755e-4,-4.9996376e-4,-1.0,2.97985e-8,5.96008e-8,
19.0851,56.4659,-18.038,-0.999501,-4.9996376e-4,-1.0,1.80793e-7,-9.13973e-8,
19.0851,56.4659,-18.038,-0.999501,-4.9996376e-4,-1.0,1.80793e-7,-9.13973e-8,
13.1004,43.4288,-4.48751,-0.9995,-0.99950004,-1.0,2.97985e-8,5.96008e-8,
-5.37706,44.8683,-11.2632,-4.99517e-4,-0.99950004,-1.0,1.80793e-7,-9.13973e-8,
13.1004,43.4288,-4.48751,-4.99517e-4,-0.99950004,1.0,1.21196e-7,-2.10599e-7,
19.0851,56.4659,-18.038,-4.99755e-4,-4.9996376e-4,-1.0,1.80793e-7,-9.13973e-8,
0.607629,57.9054,-24.8137,-0.999501,-4.9996376e-4,1.0,1.21196e-7,-2.10599e-7,
0.607629,57.9054,-24.8137,-0.999501,-4.9996376e-4,1.0,1.21196e-7,-2.10599e-7,
-5.37706,44.8683,-11.2632,-0.9995,-0.99950004,-1.0,1.80793e-7,-9.13973e-8,
13.1004,43.4288,-4.48751,-4.99517e-4,-0.99950004,1.0,1.21196e-7,-2.10599e-7,
5.60567,36.777,-14.1974,-4.99517e-4,-0.99950004,2.8412e-7,2.26493e-7,-1.0,
11.5904,49.8141,-27.7479,-4.99755e-4,-4.9996376e-4,1.33122e-7,7.54953e-8,-1.0,
8.10233,64.5572,-15.1039,-0.999501,-4.9996376e-4,2.8412e-7,2.26493e-7,-1.0,
8.10233,64.5572,-15.1039,-0.999501,-4.9996376e-4,2.8412e-7,2.26493e-7,-1.0,
2.11764,51.5201,-1.55336,-0.9995,-0.99950004,1.33122e-7,7.54953e-8,-1.0,
5.60567,36.777,-14.1974,-4.99517e-4,-0.99950004,2.8412e-7,2.26493e-7,-1.0,
2.11764,51.5201,-1.55336,-4.99517e-4,-0.99950004,1.78766e-8,7.55029e-8,1.0,
8.10233,64.5572,-15.1039,-4.99755e-4,-4.9996376e-4,2.8412e-7,2.26493e-7,-1.0,
11.5904,49.8141,-27.7479,-0.999501,-4.9996376e-4,1.78766e-8,7.55029e-8,1.0,
11.5904,49.8141,-27.7479,-0.999501,-4.9996376e-4,1.78766e-8,7.55029e-8,1.0,
5.60567,36.777,-14.1974,-0.9995,-0.99950004,2.8412e-7,2.26493e-7,-1.0,
2.11764,51.5201,-1.55336,-4.99517e-4,-0.99950004,1.78766e-8,7.55029e-8,1.0,
-2.84464,46.5726,-13.0102,-4.99517e-4,-0.99950004,-1.0,1.80793e-7,-9.13973e-8,
-0.279536,44.3455,-30.4421,-4.99755e-4,-4.9996376e-4,-1.0,2.97985e-8,5.96008e-8,
17.2923,44.9248,-27.9304,-0.999501,-4.9996376e-4,-1.0,1.80793e-7,-9.13973e-8,
17.2923,44.9248,-27.9304,-0.999501,-4.9996376e-4,-1.0,1.80793e-7,-9.13973e-8,
14.7272,47.1519,-10.4985,-0.9995,-0.99950004,-1.0,2.97985e-8,5.96008e-8,
-2.84464,46.5726,-13.0102,-4.99517e-4,-0.99950004,-1.0,1.80793e-7,-9.13973e-8,
14.7272,47.1519,-10.4985,-4.99517e-4,-0.99950004,1.0,1.21196e-7,-2.10599e-7,
17.2923,44.9248,-27.9304,-4.99755e-4,-4.9996376e-4,-1.0,1.80793e-7,-9.13973e-8,
-0.279536,44.3455,-30.4421,-0.999501,-4.9996376e-4,1.0,1.21196e-7,-2.10599e-7,
-0.279536,44.3455,-30.4421,-0.999501,-4.9996376e-4,1.0,1.21196e-7,-2.10599e-7,
-2.84464,46.5726,-13.0102,-0.9995,-0.99950004,-1.0,1.80793e-7,-9.13973e-8,
14.7272,47.1519,-10.4985,-4.99517e-4,-0.99950004,1.0,1.21196e-7,-2.10599e-7,
6.06807,38.0572,-10.6107,-4.99517e-4,-0.99950004,2.8412e-7,2.26493e-7,-1.0,
8.63318,35.8301,-28.0427,-4.99755e-4,-4.9996376e-4,1.33122e-7,7.54953e-8,-1.0,
8.37955,53.4402,-30.3298,-0.999501,-4.9996376e-4,2.8412e-7,2.26493e-7,-1.0,
8.37955,53.4402,-30.3298,-0.999501,-4.9996376e-4,2.8412e-7,2.26493e-7,-1.0,
5.81444,55.6673,-12.8979,-0.9995,-0.99950004,1.33122e-7,7.54953e-8,-1.0,
6.06807,38.0572,-10.6107,-4.99517e-4,-0.99950004,2.8412e-7,2.26493e-7,-1.0,
5.81444,55.6673,-12.8979,-4.99517e-4,-0.99950004,1.78766e-8,7.55029e-8,1.0,
8.37955,53.4402,-30.3298,-4.99755e-4,-4.9996376e-4,2.8412e-7,2.26493e-7,-1.0,
8.63318,35.8301,-28.0427,-0.999501,-4.9996376e-4,1.78766e-8,7.55029e-8,1.0,
8.63318,35.8301,-28.0427,-0.999501,-4.9996376e-4,1.78766e-8,7.55029e-8,1.0,
6.06807,38.0572,-10.6107,-0.9995,-0.99950004,2.8412e-7,2.26493e-7,-1.0,
5.81444,55.6673,-12.8979,-4.99517e-4,-0.99950004,1.78766e-8,7.55029e-8,1.0,
-12.1649,17.6157,-3.4125,-4.99517e-4,-0.99950004,-1.0,1.80793e-7,-9.13973e-8,
-17.4644,35.7884,-17.6392,-4.99755e-4,-4.9996376e-4,-1.0,2.97985e-8,5.96008e-8,
5.55978,40.9585,-19.6117,-0.999501,-4.9996376e-4,-1.0,1.80793e-7,-9.13973e-8,
5.55978,40.9585,-19.6117,-0.999501,-4.9996376e-4,-1.0,1.80793e-7,-9.13973e-8,
10.8593,22.7857,-5.38502,-0.9995,-0.99950004,-1.0,2.97985e-8,5.96008e-8,
-12.1649,17.6157,-3.4125,-4.99517e-4,-0.99950004,-1.0,1.80793e-7,-9.13973e-8,
10.8593,22.7857,-5.38502,-4.99517e-4,-0.99950004,1.0,1.21196e-7,-2.10599e-7,
5.55978,40.9585,-19.6117,-4.99755e-4,-4.9996376e-4,-1.0,1.80793e-7,-9.13973e-8,
-17.4644,35.7884,-17.6392,-0.999501,-4.9996376e-4,1.0,1.21196e-7,-2.10599e-7,
-17.4644,35.7884,-17.6392,-0.999501,-4.9996376e-4,1.0,1.21196e-7,-2.10599e-7,
-12.1649,17.6157,-3.4125,-0.9995,-0.99950004,-1.0,1.80793e-7,-9.13973e-8,
10.8593,22.7857,-5.38502,-4.99517e-4,-0.99950004,1.0,1.21196e-7,-2.10599e-7,
0.143372,13.0636,-13.8121,-4.99517e-4,-0.99950004,2.8412e-7,2.26493e-7,-1.0,
-5.15613,31.2363,-28.0388,-4.99755e-4,-4.9996376e-4,1.33122e-7,7.54953e-8,-1.0,
-6.74849,45.5106,-9.21215,-0.999501,-4.9996376e-4,2.8412e-7,2.26493e-7,-1.0,
-6.74849,45.5106,-9.21215,-0.999501,-4.9996376e-4,2.8412e-7,2.26493e-7,-1.0,
-1.44899,27.3378,5.01456,-0.9995,-0.99950004,1.33122e-7,7.54953e-8,-1.0,
0.143372,13.0636,-13.8121,-4.99517e-4,-0.99950004,2.8412e-7,2.26493e-7,-1.0,
-1.44899,27.3378,5.01456,-4.99517e-4,-0.99950004,1.78766e-8,7.55029e-8,1.0,
-6.74849,45.5106,-9.21215,-4.99755e-4,-4.9996376e-4,2.8412e-7,2.26493e-7,-1.0,
-5.15613,31.2363,-28.0388,-0.999501,-4.9996376e-4,1.78766e-8,7.55029e-8,1.0,
-5.15613,31.2363,-28.0388,-0.999501,-4.9996376e-4,1.78766e-8,7.55029e-8,1.0,
0.143372,13.0636,-13.8121,-0.9995,-0.99950004,2.8412e-7,2.26493e-7,-1.0,
-1.44899,27.3378,5.01456,-4.99517e-4,-0.99950004,1.78766e-8,7.55029e-8,1.0,
-6.16259,28.7472,-19.2162,-4.99517e-4,-0.99950004,-1.0,1.80793e-7,-9.13973e-8,
-0.154941,47.1213,-23.1787,-4.99755e-4,-4.9996376e-4,-1.0,2.97985e-8,5.96008e-8,
11.6942,46.6484,-7.40619,-0.999501,-4.9996376e-4,-1.0,1.80793e-7,-9.13973e-8,
11.6942,46.6484,-7.40619,-0.999501,-4.9996376e-4,-1.0,1.80793e-7,-9.13973e-8,
5.68659,28.2744,-3.44375,-0.9995,-0.99950004,-1.0,2.97985e-8,5.96008e-8,
-6.16259,28.7472,-19.2162,-4.99517e-4,-0.99950004,-1.0,1.80793e-7,-9.13973e-8,
5.68659,28.2744,-3.44375,-4.99517e-4,-0.99950004,1.0,1.21196e-7,-2.10599e-7,
11.6942,46.6484,-7.40619,-4.99755e-4,-4.9996376e-4,-1.0,1.80793e-7,-9.13973e-8,
-0.154944,47.1213,-23.1787,-0.999501,-4.9996376e-4,1.0,1.21196e-7,-2.10599e-7,
-0.154944,47.1213,-23.1787,-0.999501,-4.9996376e-4,1.0,1.21196e-7,-2.10599e-7,
-6.16259,28.7472,-19.2162,-0.9995,-0.99950004,-1.0,1.80793e-7,-9.13973e-8,
5.68659,28.2744,-3.44375,-4.99517e-4,-0.99950004,1.0,1.21196e-7,-2.10599e-7,
7.0576,24.9202,-16.9185,-4.99517e-4,-0.99950004,2.8412e-7,2.26493e-7,-1.0,
13.0652,43.2943,-20.8809,-4.99755e-4,-4.9996376e-4,1.33122e-7,7.54953e-8,-1.0,
-1.52595,50.4754,-9.70393,-0.999501,-4.9996376e-4,2.8412e-7,2.26493e-7,-1.0,
-1.52595,50.4754,-9.70393,-0.999501,-4.9996376e-4,2.8412e-7,2.26493e-7,-1.0,
-7.5336,32.1014,-5.74149,-0.9995,-0.99950004,1.33122e-7,7.54953e-8,-1.0,
7.0576,24.9202,-16.9185,-4.99517e-4,-0.99950004,2.8412e-7,2.26493e-7,-1.0,
-7.53359,32.1014,-5.74149,-4.99517e-4,-0.99950004,1.78766e-8,7.55029e-8,1.0,
-1.52595,50.4754,-9.70393,-4.99755e-4,-4.9996376e-4,2.8412e-7,2.26493e-7,-1.0,
13.0652,43.2943,-20.8809,-0.999501,-4.9996376e-4,1.78766e-8,7.55029e-8,1.0,
13.0652,43.2943,-20.8809,-0.999501,-4.9996376e-4,1.78766e-8,7.55029e-8,1.0,
7.0576,24.9202,-16.9185,-0.9995,-0.99950004,2.8412e-7,2.26493e-7,-1.0,
-7.53359,32.1014,-5.74149,-4.99517e-4,-0.99950004,1.78766e-8,7.55029e-8,1.0,
-5.09224,34.6935,-21.386,-4.99517e-4,-0.99950004,-1.0,1.80793e-7,-9.13973e-8,
5.67533,48.0128,-26.0836,-4.99755e-4,-4.9996376e-4,-1.0,2.97985e-8,5.96008e-8,
16.7682,43.6935,-12.9039,-0.999501,-4.9996376e-4,-1.0,1.80793e-7,-9.13973e-8,
16.7682,43.6935,-12.9039,-0.999501,-4.9996376e-4,-1.0,1.80793e-7,-9.13973e-8,
6.00066,30.3742,-8.20631,-0.9995,-0.99950004,-1.0,2.97985e-8,5.96008e-8,
-5.09224,34.6935,-21.386,-4.99517e-4,-0.99950004,-1.0,1.80793e-7,-9.13973e-8,
6.00066,30.3742,-8.20631,-4.99517e-4,-0.99950004,1.0,1.21196e-7,-2.10599e-7,
16.7682,43.6935,-12.9039,-4.99755e-4,-4.9996376e-4,-1.0,1.80793e-7,-9.13973e-8,
5.67533,48.0128,-26.0836,-0.999501,-4.9996376e-4,1.0,1.21196e-7,-2.10599e-7,
5.67533,48.0128,-26.0836,-0.999501,-4.9996376e-4,1.0,1.21196e-7,-2.10599e-7,
-5.09224,34.6935,-21.386,-0.9995,-0.99950004,-1.0,1.80793e-7,-9.13973e-8,
6.00066,30.3742,-8.20631,-4.99517e-4,-0.99950004,1.0,1.21196e-7,-2.10599e-7,
4.82512,27.0714,-20.2652,-4.99517e-4,-0.99950004,2.8412e-7,2.26493e-7,-1.0,
15.5927,40.3907,-24.9628,-4.99755e-4,-4.9996376e-4,1.33122e-7,7.54953e-8,-1.0,
6.85086,51.3155,-14.0247,-0.999501,-4.9996376e-4,2.8412e-7,2.26493e-7,-1.0,
6.85086,51.3155,-14.0247,-0.999501,-4.9996376e-4,2.8412e-7,2.26493e-7,-1.0,
-3.9167,37.9962,-9.32711,-0.9995,-0.99950004,1.33122e-7,7.54953e-8,-1.0,
4.82512,27.0714,-20.2652,-4.99517e-4,-0.99950004,2.8412e-7,2.26493e-7,-1.0,
-3.9167,37.9962,-9.32711,-4.99517e-4,-0.99950004,1.78766e-8,7.55029e-8,1.0,
6.85086,51.3155,-14.0247,-4.99755e-4,-4.9996376e-4,2.8412e-7,2.26493e-7,-1.0,
15.5927,40.3907,-24.9628,-0.999501,-4.9996376e-4,1.78766e-8,7.55029e-8,1.0,
15.5927,40.3907,-24.9628,-0.999501,-4.9996376e-4,1.78766e-8,7.55029e-8,1.0,
4.82512,27.0714,-20.2652,-0.9995,-0.99950004,2.8412e-7,2.26493e-7,-1.0,
-3.9167,37.9962,-9.32711,-4.99517e-4,-0.99950004,1.78766e-8,7.55029e-8,1.0,
-8.05838,28.5861,11.1067,-4.99517e-4,-0.99950004,-1.0,1.80793e-7,-9.13973e-8,
-19.6528,49.0184,14.0775,-4.99755e-4,-4.9996376e-4,-1.0,2.97985e-8,5.96008e-8,
-14.2624,55.3028,-8.10773,-0.999501,-4.9996376e-4,-1.0,1.80793e-7,-9.13973e-8,
-14.2624,55.3028,-8.10773,-0.999501,-4.9996376e-4,-1.0,1.80793e-7,-9.13973e-8,
-2.66803,34.8706,-11.0785,-0.9995,-0.99950004,-1.0,2.97985e-8,5.96008e-8,
-8.05838,28.5861,11.1067,-4.99517e-4,-0.99950004,-1.0,1.80793e-7,-9.13973e-8,
-2.66803,34.8706,-11.0785,-4.99517e-4,-0.99950004,1.0,1.21196e-7,-2.10599e-7,
-14.2624,55.3028,-8.10773,-4.99755e-4,-4.9996376e-4,-1.0,1.80793e-7,-9.13973e-8,
-19.6528,49.0184,14.0775,-0.999501,-4.9996376e-4,1.0,1.21196e-7,-2.10599e-7,
-19.6528,49.0184,14.0775,-0.999501,-4.9996376e-4,1.0,1.21196e-7,-2.10599e-7,
-8.05838,28.5861,11.1067,-0.9995,-0.99950004,-1.0,1.80793e-7,-9.13973e-8,
-2.66803,34.8706,-11.0785,-4.99517e-4,-0.99950004,1.0,1.21196e-7,-2.10599e-7,
-15.3287,26.6352,-3.84997,-4.99517e-4,-0.99950004,2.8412e-7,2.26493e-7,-1.0,
-26.9231,47.0675,-0.879208,-4.99755e-4,-4.9996376e-4,1.33122e-7,7.54953e-8,-1.0,
-6.99205,57.2538,6.84894,-0.999501,-4.9996376e-4,2.8412e-7,2.26493e-7,-1.0,
-6.99205,57.2538,6.84894,-0.999501,-4.9996376e-4,2.8412e-7,2.26493e-7,-1.0,
4.60233,36.8215,3.87818,-0.9995,-0.99950004,1.33122e-7,7.54953e-8,-1.0,
-15.3287,26.6352,-3.84997,-4.99517e-4,-0.99950004,2.8412e-7,2.26493e-7,-1.0,
4.60233,36.8215,3.87818,-4.99517e-4,-0.99950004,1.78766e-8,7.55029e-8,1.0,
-6.99205,57.2538,6.84894,-4.99755e-4,-4.9996376e-4,2.8412e-7,2.26493e-7,-1.0,
-26.9231,47.0675,-0.879205,-0.999501,-4.9996376e-4,1.78766e-8,7.55029e-8,1.0,
-26.9231,47.0675,-0.879205,-0.999501,-4.9996376e-4,1.78766e-8,7.55029e-8,1.0,
-15.3287,26.6352,-3.84997,-0.9995,-0.99950004,2.8412e-7,2.26493e-7,-1.0,
4.60233,36.8215,3.87818,-4.99517e-4,-0.99950004,1.78766e-8,7.55029e-8,1.0,
-15.3863,35.9979,4.83181,-4.99517e-4,-0.99950004,-1.0,1.80793e-7,-9.13973e-8,
-33.1464,43.966,1.59347,-4.99755e-4,-4.9996376e-4,-1.0,2.97985e-8,5.96008e-8,
-27.2387,49.8672,-16.2859,-0.999501,-4.9996376e-4,-1.0,1.80793e-7,-9.13973e-8,
-27.2387,49.8672,-16.2859,-0.999501,-4.9996376e-4,-1.0,1.80793e-7,-9.13973e-8,
-9.4786,41.8991,-13.0476,-0.9995,-0.99950004,-1.0,2.97985e-8,5.96008e-8,
-15.3863,35.9979,4.83181,-4.99517e-4,-0.99950004,-1.0,1.80793e-7,-9.13973e-8,
-9.4786,41.8991,-13.0476,-4.99517e-4,-0.99950004,1.0,1.21196e-7,-2.10599e-7,
-27.2387,49.8672,-16.2859,-4.99755e-4,-4.9996376e-4,-1.0,1.80793e-7,-9.13973e-8,
-33.1464,43.966,1.59347,-0.999501,-4.9996376e-4,1.0,1.21196e-7,-2.10599e-7,
-33.1464,43.966,1.59347,-0.999501,-4.9996376e-4,1.0,1.21196e-7,-2.10599e-7,
-15.3863,35.9979,4.83181,-0.9995,-0.99950004,-1.0,1.80793e-7,-9.13973e-8,
-9.4786,41.8991,-13.0476,-4.99517e-4,-0.99950004,1.0,1.21196e-7,-2.10599e-7,
-15.558,30.4179,-7.9562,-4.99517e-4,-0.99950004,2.8412e-7,2.26493e-7,-1.0,
-33.3181,38.386,-11.1945,-4.99755e-4,-4.9996376e-4,1.33122e-7,7.54953e-8,-1.0,
-27.0669,55.4472,-3.49792,-0.999501,-4.9996376e-4,2.8412e-7,2.26493e-7,-1.0,
-27.0669,55.4472,-3.49792,-0.999501,-4.9996376e-4,2.8412e-7,2.26493e-7,-1.0,
-9.30687,47.4791,-0.259576,-0.9995,-0.99950004,1.33122e-7,7.54953e-8,-1.0,
-15.558,30.4179,-7.9562,-4.99517e-4,-0.99950004,2.8412e-7,2.26493e-7,-1.0,
-9.30687,47.4791,-0.259579,-4.99517e-4,-0.99950004,1.78766e-8,7.55029e-8,1.0,
-27.0669,55.4472,-3.49792,-4.99755e-4,-4.9996376e-4,2.8412e-7,2.26493e-7,-1.0,
-33.3181,38.386,-11.1945,-0.999501,-4.9996376e-4,1.78766e-8,7.55029e-8,1.0,
-33.3181,38.386,-11.1945,-0.999501,-4.9996376e-4,1.78766e-8,7.55029e-8,1.0,
-15.558,30.4179,-7.9562,-0.9995,-0.99950004,2.8412e-7,2.26493e-7,-1.0,
-9.30687,47.4791,-0.259579,-4.99517e-4,-0.99950004,1.78766e-8,7.55029e-8,1.0,
-19.3104,40.1232,2.78317,-4.99517e-4,-0.99950004,-1.0,1.80793e-7,-9.13973e-8,
-31.2838,53.2168,2.00204,-4.99755e-4,-4.9996376e-4,-1.0,2.97985e-8,5.96008e-8,
-25.9407,57.1195,-14.4792,-0.999501,-4.9996376e-4,-1.0,1.80793e-7,-9.13973e-8,
-25.9407,57.1195,-14.4792,-0.999501,-4.9996376e-4,-1.0,1.80793e-7,-9.13973e-8,
-13.9674,44.026,-13.6981,-0.9995,-0.99950004,-1.0,2.97985e-8,5.96008e-8,
-19.3104,40.1232,2.78317,-4.99517e-4,-0.99950004,-1.0,1.80793e-7,-9.13973e-8,
-13.9674,44.026,-13.6981,-4.99517e-4,-0.99950004,1.0,1.21196e-7,-2.10599e-7,
-25.9407,57.1195,-14.4792,-4.99755e-4,-4.9996376e-4,-1.0,1.80793e-7,-9.13973e-8,
-31.2838,53.2168,2.00204,-0.999501,-4.9996376e-4,1.0,1.21196e-7,-2.10599e-7,
-31.2838,53.2168,2.00204,-0.999501,-4.9996376e-4,1.0,1.21196e-7,-2.10599e-7,
-19.3104,40.1232,2.78317,-0.9995,-0.99950004,-1.0,1.80793e-7,-9.13973e-8,
-13.9674,44.026,-13.6981,-4.99517e-4,-0.99950004,1.0,1.21196e-7,-2.10599e-7,
-22.6285,36.4014,-8.74265,-4.99517e-4,-0.99950004,2.8412e-7,2.26493e-7,-1.0,
-34.6019,49.495,-9.52378,-4.99755e-4,-4.9996376e-4,1.33122e-7,7.54953e-8,-1.0,
-22.6226,60.8413,-2.95342,-0.999501,-4.9996376e-4,2.8412e-7,2.26493e-7,-1.0,
-22.6226,60.8413,-2.95342,-0.999501,-4.9996376e-4,2.8412e-7,2.26493e-7,-1.0,
-10.6493,47.7478,-2.17229,-0.9995,-0.99950004,1.33122e-7,7.54953e-8,-1.0,
-22.6285,36.4014,-8.74265,-4.99517e-4,-0.99950004,2.8412e-7,2.26493e-7,-1.0,
-10.6493,47.7478,-2.17229,-4.99517e-4,-0.99950004,1.78766e-8,7.55029e-8,1.0,
-22.6226,60.8413,-2.95342,-4.99755e-4,-4.9996376e-4,2.8412e-7,2.26493e-7,-1.0,
-34.6019,49.495,-9.52377,-0.999501,-4.9996376e-4,1.78766e-8,7.55029e-8,1.0,
-34.6019,49.495,-9.52377,-0.999501,-4.9996376e-4,1.78766e-8,7.55029e-8,1.0,
-22.6285,36.4014,-8.74265,-0.9995,-0.99950004,2.8412e-7,2.26493e-7,-1.0,
-10.6493,47.7478,-2.17229,-4.99517e-4,-0.99950004,1.78766e-8,7.55029e-8,1.0,
-5.30072,35.4423,10.419,-4.99517e-4,-0.99950004,-1.0,1.80793e-7,-9.13973e-8,
-27.7438,36.737,2.97811,-4.99755e-4,-4.9996376e-4,-1.0,2.97985e-8,5.96008e-8,
-21.0106,50.7355,-14.8947,-0.999501,-4.9996376e-4,-1.0,1.80793e-7,-9.13973e-8,
-21.0106,50.7355,-14.8947,-0.999501,-4.9996376e-4,-1.0,1.80793e-7,-9.13973e-8,
1.43247,49.4408,-7.45386,-0.9995,-0.99950004,-1.0,2.97985e-8,5.96008e-8,
-5.30072,35.4423,10.419,-4.99517e-4,-0.99950004,-1.0,1.80793e-7,-9.13973e-8,
1.43247,49.4408,-7.45386,-4.99517e-4,-0.99950004,1.0,1.21196e-7,-2.10599e-7,
-21.0106,50.7355,-14.8947,-4.99755e-4,-4.9996376e-4,-1.0,1.80793e-7,-9.13973e-8,
-27.7438,36.737,2.97811,-0.999501,-4.9996376e-4,1.0,1.21196e-7,-2.10599e-7,
-27.7438,36.737,2.97811,-0.999501,-4.9996376e-4,1.0,1.21196e-7,-2.10599e-7,
-5.30072,35.4423,10.419,-0.9995,-0.99950004,-1.0,1.80793e-7,-9.13973e-8,
1.43247,49.4408,-7.45386,-4.99517e-4,-0.99950004,1.0,1.21196e-7,-2.10599e-7,
-0.223364,32.914,-5.33522,-4.99517e-4,-0.99950004,2.8412e-7,2.26493e-7,-1.0,
-22.6664,34.2087,-12.7761,-4.99755e-4,-4.9996376e-4,1.33122e-7,7.54953e-8,-1.0,
-26.0879,53.2638,0.859473,-0.999501,-4.9996376e-4,2.8412e-7,2.26493e-7,-1.0,
-26.0879,53.2638,0.859473,-0.999501,-4.9996376e-4,2.8412e-7,2.26493e-7,-1.0,
-3.64489,51.9691,8.30033,-0.9995,-0.99950004,1.33122e-7,7.54953e-8,-1.0,
-0.223364,32.914,-5.33522,-4.99517e-4,-0.99950004,2.8412e-7,2.26493e-7,-1.0,
-3.64489,51.9691,8.30033,-4.99517e-4,-0.99950004,1.78766e-8,7.55029e-8,1.0,
-26.0879,53.2638,0.859473,-4.99755e-4,-4.9996376e-4,2.8412e-7,2.26493e-7,-1.0,
-22.6664,34.2087,-12.7761,-0.999501,-4.9996376e-4,1.78766e-8,7.55029e-8,1.0,
-22.6664,34.2087,-12.7761,-0.999501,-4.9996376e-4,1.78766e-8,7.55029e-8,1.0,
-0.223364,32.914,-5.33522,-0.9995,-0.99950004,2.8412e-7,2.26493e-7,-1.0,
-3.64489,51.9691,8.30033,-4.99517e-4,-0.99950004,1.78766e-8,7.55029e-8,1.0,
-16.7592,53.3249,6.51929,-4.99517e-4,-0.99950004,-1.0,1.80793e-7,-9.13973e-8,
-24.5686,63.4486,-8.51139,-4.99755e-4,-4.9996376e-4,-1.0,2.97985e-8,5.96008e-8,
-11.9899,54.6947,-20.9429,-0.999501,-4.9996376e-4,-1.0,1.80793e-7,-9.13973e-8,
-11.9899,54.6947,-20.9429,-0.999501,-4.9996376e-4,-1.0,1.80793e-7,-9.13973e-8,
-4.18048,44.571,-5.91222,-0.9995,-0.99950004,-1.0,2.97985e-8,5.96008e-8,
-16.7592,53.3249,6.51929,-4.99517e-4,-0.99950004,-1.0,1.80793e-7,-9.13973e-8,
-4.18048,44.571,-5.91222,-4.99517e-4,-0.99950004,1.0,1.21196e-7,-2.10599e-7,
-11.9899,54.6947,-20.9429,-4.99755e-4,-4.9996376e-4,-1.0,1.80793e-7,-9.13973e-8,
-24.5686,63.4486,-8.51139,-0.999501,-4.9996376e-4,1.0,1.21196e-7,-2.10599e-7,
-24.5686,63.4486,-8.51139,-0.999501,-4.9996376e-4,1.0,1.21196e-7,-2.10599e-7,
-16.7592,53.3249,6.51929,-0.9995,-0.99950004,-1.0,1.80793e-7,-9.13973e-8,
-4.18048,44.571,-5.91222,-4.99517e-4,-0.99950004,1.0,1.21196e-7,-2.10599e-7,
-16.9926,41.6975,-1.19094,-4.99517e-4,-0.99950004,2.8412e-7,2.26493e-7,-1.0,
-24.802,51.8212,-16.2216,-4.99755e-4,-4.9996376e-4,1.33122e-7,7.54953e-8,-1.0,
-11.7564,66.3222,-13.2327,-0.999501,-4.9996376e-4,2.8412e-7,2.26493e-7,-1.0,
-11.7564,66.3222,-13.2327,-0.999501,-4.9996376e-4,2.8412e-7,2.26493e-7,-1.0,
-3.94707,56.1984,1.79801,-0.9995,-0.99950004,1.33122e-7,7.54953e-8,-1.0,
-16.9926,41.6975,-1.19094,-4.99517e-4,-0.99950004,2.8412e-7,2.26493e-7,-1.0,
-3.94707,56.1984,1.79801,-4.99517e-4,-0.99950004,1.78766e-8,7.55029e-8,1.0,
-11.7564,66.3222,-13.2327,-4.99755e-4,-4.9996376e-4,2.8412e-7,2.26493e-7,-1.0,
-24.802,51.8212,-16.2216,-0.999501,-4.9996376e-4,1.78766e-8,7.55029e-8,1.0,
-24.802,51.8212,-16.2216,-0.999501,-4.9996376e-4,1.78766e-8,7.55029e-8,1.0,
-16.9926,41.6975,-1.19094,-0.9995,-0.99950004,2.8412e-7,2.26493e-7,-1.0,
-3.94707,56.1984,1.79801,-4.99517e-4,-0.99950004,1.78766e-8,7.55029e-8,1.0,
-15.2636,53.2517,8.65875,-4.99517e-4,-0.99950004,-1.0,1.80793e-7,-9.13973e-8,
-19.9446,70.301,6.97871,-4.99755e-4,-4.9996376e-4,-1.0,2.97985e-8,5.96008e-8,
-17.5078,69.2397,-10.5811,-0.999501,-4.9996376e-4,-1.0,1.80793e-7,-9.13973e-8,
-17.5078,69.2397,-10.5811,-0.999501,-4.9996376e-4,-1.0,1.80793e-7,-9.13973e-8,
-12.8268,52.1904,-8.90109,-0.9995,-0.99950004,-1.0,2.97985e-8,5.96008e-8,
-15.2636,53.2517,8.65875,-4.99517e-4,-0.99950004,-1.0,1.80793e-7,-9.13973e-8,
-12.8268,52.1904,-8.9011,-4.99517e-4,-0.99950004,1.0,1.21196e-7,-2.10599e-7,
-17.5078,69.2397,-10.5811,-4.99755e-4,-4.9996376e-4,-1.0,1.80793e-7,-9.13973e-8,
-19.9446,70.301,6.97871,-0.999501,-4.9996376e-4,1.0,1.21196e-7,-2.10599e-7,
-19.9446,70.301,6.97871,-0.999501,-4.9996376e-4,1.0,1.21196e-7,-2.10599e-7,
-15.2636,53.2517,8.65875,-0.9995,-0.99950004,-1.0,1.80793e-7,-9.13973e-8,
-12.8268,52.1904,-8.9011,-4.99517e-4,-0.99950004,1.0,1.21196e-7,-2.10599e-7,
-22.5241,50.2917,-1.15093,-4.99517e-4,-0.99950004,2.8412e-7,2.26493e-7,-1.0,
-27.205,67.341,-2.83096,-4.99755e-4,-4.9996376e-4,1.33122e-7,7.54953e-8,-1.0,
-10.2474,72.1998,-0.771457,-0.999501,-4.9996376e-4,2.8412e-7,2.26493e-7,-1.0,
-10.2474,72.1998,-0.771457,-0.999501,-4.9996376e-4,2.8412e-7,2.26493e-7,-1.0,
-5.56637,55.1505,0.908579,-0.9995,-0.99950004,1.33122e-7,7.54953e-8,-1.0,
-22.5241,50.2917,-1.15093,-4.99517e-4,-0.99950004,2.8412e-7,2.26493e-7,-1.0,
-5.56637,55.1505,0.908577,-4.99517e-4,-0.99950004,1.78766e-8,7.55029e-8,1.0,
-10.2474,72.1998,-0.771457,-4.99755e-4,-4.9996376e-4,2.8412e-7,2.26493e-7,-1.0,
-27.205,67.341,-2.83096,-0.999501,-4.9996376e-4,1.78766e-8,7.55029e-8,1.0,
-27.205,67.341,-2.83096,-0.999501,-4.9996376e-4,1.78766e-8,7.55029e-8,1.0,
-22.5241,50.2917,-1.15093,-0.9995,-0.99950004,2.8412e-7,2.26493e-7,-1.0,
-5.56637,55.1505,0.908577,-4.99517e-4,-0.99950004,1.78766e-8,7.55029e-8,1.0,
-16.7766,42.2103,13.2161,-4.99517e-4,-0.99950004,-1.0,1.80793e-7,-9.13973e-8,
-31.6344,52.8465,-1.84548,-4.99755e-4,-4.9996376e-4,-1.0,2.97985e-8,5.96008e-8,
-15.3323,51.3866,-18.9581,-0.999501,-4.9996376e-4,-1.0,1.80793e-7,-9.13973e-8,
-15.3323,51.3866,-18.9581,-0.999501,-4.9996376e-4,-1.0,1.80793e-7,-9.13973e-8,
-0.474449,40.7504,-3.89656,-0.9995,-0.99950004,-1.0,2.97985e-8,5.96008e-8,
-16.7766,42.2103,13.2161,-4.99517e-4,-0.99950004,-1.0,1.80793e-7,-9.13973e-8,
-0.474451,40.7504,-3.89656,-4.99517e-4,-0.99950004,1.0,1.21196e-7,-2.10599e-7,
-15.3323,51.3866,-18.9581,-4.99755e-4,-4.9996376e-4,-1.0,1.80793e-7,-9.13973e-8,
-31.6344,52.8465,-1.84548,-0.999501,-4.9996376e-4,1.0,1.21196e-7,-2.10599e-7,
-31.6344,52.8465,-1.84548,-0.999501,-4.9996376e-4,1.0,1.21196e-7,-2.10599e-7,
-16.7766,42.2103,13.2161,-0.9995,-0.99950004,-1.0,1.80793e-7,-9.13973e-8,
-0.474451,40.7504,-3.89656,-4.99517e-4,-0.99950004,1.0,1.21196e-7,-2.10599e-7,
-12.933,30.9273,1.45655,-4.99517e-4,-0.99950004,2.8412e-7,2.26493e-7,-1.0,
-27.7908,41.5635,-13.605,-4.99755e-4,-4.9996376e-4,1.33122e-7,7.54953e-8,-1.0,
-19.1758,62.6697,-7.1986,-0.999501,-4.9996376e-4,2.8412e-7,2.26493e-7,-1.0,
-19.1758,62.6697,-7.1986,-0.999501,-4.9996376e-4,2.8412e-7,2.26493e-7,-1.0,
-4.31803,52.0335,7.86293,-0.9995,-0.99950004,1.33122e-7,7.54953e-8,-1.0,
-12.933,30.9273,1.45655,-4.99517e-4,-0.99950004,2.8412e-7,2.26493e-7,-1.0,
-4.31802,52.0335,7.86293,-4.99517e-4,-0.99950004,1.78766e-8,7.55029e-8,1.0,
-19.1758,62.6697,-7.1986,-4.99755e-4,-4.9996376e-4,2.8412e-7,2.26493e-7,-1.0,
-27.7908,41.5635,-13.605,-0.999501,-4.9996376e-4,1.78766e-8,7.55029e-8,1.0,
-27.7908,41.5635,-13.605,-0.999501,-4.9996376e-4,1.78766e-8,7.55029e-8,1.0,
-12.933,30.9273,1.45655,-0.9995,-0.99950004,2.8412e-7,2.26493e-7,-1.0,
-4.31802,52.0335,7.86293,-4.99517e-4,-0.99950004,1.78766e-8,7.55029e-8,1.0,
-12.3121,50.0008,13.0036,-4.99517e-4,-0.99950004,-1.0,1.80793e-7,-9.13973e-8,
-29.0658,45.8664,22.5754,-4.99755e-4,-4.9996376e-4,-1.0,2.97985e-8,5.96008e-8,
-37.7519,41.3802,5.4341,-0.999501,-4.9996376e-4,-1.0,1.80793e-7,-9.13973e-8,
-37.7519,41.3802,5.4341,-0.999501,-4.9996376e-4,-1.0,1.80793e-7,-9.13973e-8,
-20.9982,45.5146,-4.13768,-0.9995,-0.99950004,-1.0,2.97985e-8,5.96008e-8,
-12.3121,50.0008,13.0036,-4.99517e-4,-0.99950004,-1.0,1.80793e-7,-9.13973e-8,
-20.9982,45.5146,-4.13768,-4.99517e-4,-0.99950004,1.0,1.21196e-7,-2.10599e-7,
-37.7519,41.3802,5.4341,-4.99755e-4,-4.9996376e-4,-1.0,1.80793e-7,-9.13973e-8,
-29.0658,45.8664,22.5754,-0.999501,-4.9996376e-4,1.0,1.21196e-7,-2.10599e-7,
-29.0658,45.8664,22.5754,-0.999501,-4.9996376e-4,1.0,1.21196e-7,-2.10599e-7,
-12.3121,50.0008,13.0036,-0.9995,-0.99950004,-1.0,1.80793e-7,-9.13973e-8,
-20.9982,45.5146,-4.13768,-4.99517e-4,-0.99950004,1.0,1.21196e-7,-2.10599e-7,
-13.7715,38.3745,5.42742,-4.99517e-4,-0.99950004,2.8412e-7,2.26493e-7,-1.0,
-30.5251,34.2401,14.9992,-4.99755e-4,-4.9996376e-4,1.33122e-7,7.54953e-8,-1.0,
-36.2925,53.0065,13.0103,-0.999501,-4.9996376e-4,2.8412e-7,2.26493e-7,-1.0,
-36.2925,53.0065,13.0103,-0.999501,-4.9996376e-4,2.8412e-7,2.26493e-7,-1.0,
-19.5388,57.1409,3.43848,-0.9995,-0.99950004,1.33122e-7,7.54953e-8,-1.0,
-13.7715,38.3745,5.42742,-4.99517e-4,-0.99950004,2.8412e-7,2.26493e-7,-1.0,
-19.5388,57.1409,3.43848,-4.99517e-4,-0.99950004,1.78766e-8,7.55029e-8,1.0,
-36.2925,53.0065,13.0103,-4.99755e-4,-4.9996376e-4,2.8412e-7,2.26493e-7,-1.0,
-30.5251,34.2401,14.9992,-0.999501,-4.9996376e-4,1.78766e-8,7.55029e-8,1.0,
-30.5251,34.2401,14.9992,-0.999501,-4.9996376e-4,1.78766e-8,7.55029e-8,1.0,
-13.7715,38.3745,5.42742,-0.9995,-0.99950004,2.8412e-7,2.26493e-7,-1.0,
-19.5388,57.1409,3.43848,-4.99517e-4,-0.99950004,1.78766e-8,7.55029e-8,1.0,
-18.877,53.6182,12.0462,-4.99517e-4,-0.99950004,-1.0,1.80793e-7,-9.13973e-8,
-33.4298,45.7944,18.5591,-4.99755e-4,-4.9996376e-4,-1.0,2.97985e-8,5.96008e-8,
-36.6831,38.6023,2.64993,-0.999501,-4.9996376e-4,-1.0,1.80793e-7,-9.13973e-8,
-36.6831,38.6023,2.64993,-0.999501,-4.9996376e-4,-1.0,1.80793e-7,-9.13973e-8,
-22.1304,46.4261,-3.86294,-0.9995,-0.99950004,-1.0,2.97985e-8,5.96008e-8,
-18.877,53.6182,12.0462,-4.99517e-4,-0.99950004,-1.0,1.80793e-7,-9.13973e-8,
-22.1304,46.4261,-3.86294,-4.99517e-4,-0.99950004,1.0,1.21196e-7,-2.10599e-7,
-36.6831,38.6023,2.64993,-4.99755e-4,-4.9996376e-4,-1.0,1.80793e-7,-9.13973e-8,
-33.4298,45.7944,18.5591,-0.999501,-4.9996376e-4,1.0,1.21196e-7,-2.10599e-7,
-33.4298,45.7944,18.5591,-0.999501,-4.9996376e-4,1.0,1.21196e-7,-2.10599e-7,
-18.877,53.6182,12.0462,-0.9995,-0.99950004,-1.0,1.80793e-7,-9.13973e-8,
-22.1304,46.4261,-3.86294,-4.99517e-4,-0.99950004,1.0,1.21196e-7,-2.10599e-7,
-15.6807,42.9075,6.32171,-4.99517e-4,-0.99950004,2.8412e-7,2.26493e-7,-1.0,
-30.2334,35.0836,12.8346,-4.99755e-4,-4.9996376e-4,1.33122e-7,7.54953e-8,-1.0,
-39.8795,49.313,8.37447,-0.999501,-4.9996376e-4,2.8412e-7,2.26493e-7,-1.0,
-39.8795,49.313,8.37447,-0.999501,-4.9996376e-4,2.8412e-7,2.26493e-7,-1.0,
-25.3267,57.1368,1.8616,-0.9995,-0.99950004,1.33122e-7,7.54953e-8,-1.0,
-15.6807,42.9075,6.32171,-4.99517e-4,-0.99950004,2.8412e-7,2.26493e-7,-1.0,
-25.3267,57.1368,1.8616,-4.99517e-4,-0.99950004,1.78766e-8,7.55029e-8,1.0,
-39.8795,49.313,8.37447,-4.99755e-4,-4.9996376e-4,2.8412e-7,2.26493e-7,-1.0,
-30.2334,35.0837,12.8346,-0.999501,-4.9996376e-4,1.78766e-8,7.55029e-8,1.0,
-30.2334,35.0837,12.8346,-0.999501,-4.9996376e-4,1.78766e-8,7.55029e-8,1.0,
-15.6807,42.9075,6.32171,-0.9995,-0.99950004,2.8412e-7,2.26493e-7,-1.0,
-25.3267,57.1368,1.8616,-4.99517e-4,-0.99950004,1.78766e-8,7.55029e-8,1.0,
4.011,32.0729,-9.60523,-4.99517e-4,-0.99950004,-1.0,1.80793e-7,-9.13973e-8,
14.0427,53.5028,-8.67941,-4.99755e-4,-4.9996376e-4,-1.0,2.97985e-8,5.96008e-8,
9.87073,54.4496,14.6107,-0.999501,-4.9996376e-4,-1.0,1.80793e-7,-9.13973e-8,
9.87073,54.4496,14.6107,-0.999501,-4.9996376e-4,-1.0,1.80793e-7,-9.13973e-8,
-0.160957,33.0197,13.6849,-0.9995,-0.99950004,-1.0,2.97985e-8,5.96008e-8,
4.011,32.0729,-9.60523,-4.99517e-4,-0.99950004,-1.0,1.80793e-7,-9.13973e-8,
-0.160954,33.0197,13.6849,-4.99517e-4,-0.99950004,1.0,1.21196e-7,-2.10599e-7,
9.87073,54.4496,14.6107,-4.99755e-4,-4.9996376e-4,-1.0,1.80793e-7,-9.13973e-8,
14.0427,53.5028,-8.67941,-0.999501,-4.9996376e-4,1.0,1.21196e-7,-2.10599e-7,
14.0427,53.5028,-8.67941,-0.999501,-4.9996376e-4,1.0,1.21196e-7,-2.10599e-7,
4.011,32.0729,-9.60523,-0.9995,-0.99950004,-1.0,1.80793e-7,-9.13973e-8,
-0.160954,33.0197,13.6849,-4.99517e-4,-0.99950004,1.0,1.21196e-7,-2.10599e-7,
12.4452,27.5314,4.12817,-4.99517e-4,-0.99950004,2.8412e-7,2.26493e-7,-1.0,
22.4768,48.9613,5.054,-4.99755e-4,-4.9996376e-4,1.33122e-7,7.54953e-8,-1.0,
1.43657,58.9911,0.877337,-0.999501,-4.9996376e-4,2.8412e-7,2.26493e-7,-1.0,
1.43657,58.9911,0.877337,-0.999501,-4.9996376e-4,2.8412e-7,2.26493e-7,-1.0,
-8.59511,37.5612,-4.84862e-2,-0.9995,-0.99950004,1.33122e-7,7.54953e-8,-1.0,
12.4452,27.5314,4.12817,-4.99517e-4,-0.99950004,2.8412e-7,2.26493e-7,-1.0,
-8.59511,37.5612,-4.84829e-2,-4.99517e-4,-0.99950004,1.78766e-8,7.55029e-8,1.0,
1.43657,58.9911,0.877337,-4.99755e-4,-4.9996376e-4,2.8412e-7,2.26493e-7,-1.0,
22.4768,48.9613,5.05399,-0.999501,-4.9996376e-4,1.78766e-8,7.55029e-8,1.0,
22.4768,48.9613,5.05399,-0.999501,-4.9996376e-4,1.78766e-8,7.55029e-8,1.0,
12.4452,27.5314,4.12817,-0.9995,-0.99950004,2.8412e-7,2.26493e-7,-1.0,
-8.59511,37.5612,-4.84829e-2,-4.99517e-4,-0.99950004,1.78766e-8,7.55029e-8,1.0,
10.4048,38.7427,-5.88008,-4.99517e-4,-0.99950004,-1.0,1.80793e-7,-9.13973e-8,
27.8832,47.8809,-5.24731,-4.99755e-4,-4.9996376e-4,-1.0,2.97985e-8,5.96008e-8,
26.0548,50.0255,14.2836,-0.999501,-4.9996376e-4,-1.0,1.80793e-7,-9.13973e-8,
26.0548,50.0255,14.2836,-0.999501,-4.9996376e-4,-1.0,1.80793e-7,-9.13973e-8,
8.57649,40.8873,13.6508,-0.9995,-0.99950004,-1.0,2.97985e-8,5.96008e-8,
10.4048,38.7427,-5.88008,-4.99517e-4,-0.99950004,-1.0,1.80793e-7,-9.13973e-8,
8.57649,40.8873,13.6508,-4.99517e-4,-0.99950004,1.0,1.21196e-7,-2.10599e-7,
26.0548,50.0255,14.2836,-4.99755e-4,-4.9996376e-4,-1.0,1.80793e-7,-9.13973e-8,
27.8832,47.8809,-5.24731,-0.999501,-4.9996376e-4,1.0,1.21196e-7,-2.10599e-7,
27.8832,47.8809,-5.24731,-0.999501,-4.9996376e-4,1.0,1.21196e-7,-2.10599e-7,
10.4048,38.7427,-5.88008,-0.9995,-0.99950004,-1.0,1.80793e-7,-9.13973e-8,
8.57649,40.8873,13.6508,-4.99517e-4,-0.99950004,1.0,1.21196e-7,-2.10599e-7,
13.9785,31.1361,5.25848,-4.99517e-4,-0.99950004,2.8412e-7,2.26493e-7,-1.0,
31.4568,40.2743,5.89125,-4.99755e-4,-4.9996376e-4,1.33122e-7,7.54953e-8,-1.0,
22.4811,57.6321,3.14502,-0.999501,-4.9996376e-4,2.8412e-7,2.26493e-7,-1.0,
22.4811,57.6321,3.14502,-0.999501,-4.9996376e-4,2.8412e-7,2.26493e-7,-1.0,
5.00281,48.4939,2.51224,-0.9995,-0.99950004,1.33122e-7,7.54953e-8,-1.0,
13.9785,31.1361,5.25848,-4.99517e-4,-0.99950004,2.8412e-7,2.26493e-7,-1.0,
5.00281,48.4939,2.51225,-4.99517e-4,-0.99950004,1.78766e-8,7.55029e-8,1.0,
22.4811,57.6321,3.14502,-4.99755e-4,-4.9996376e-4,2.8412e-7,2.26493e-7,-1.0,
31.4568,40.2743,5.89125,-0.999501,-4.9996376e-4,1.78766e-8,7.55029e-8,1.0,
31.4568,40.2743,5.89125,-0.999501,-4.9996376e-4,1.78766e-8,7.55029e-8,1.0,
13.9785,31.1361,5.25848,-0.9995,-0.99950004,2.8412e-7,2.26493e-7,-1.0,
5.00281,48.4939,2.51225,-4.99517e-4,-0.99950004,1.78766e-8,7.55029e-8,1.0,
18.2963,38.176,1.24737,-4.99517e-4,-0.99950004,-1.0,1.80793e-7,-9.13973e-8,
29.1269,51.7764,-2.37774,-4.99755e-4,-4.9996376e-4,-1.0,2.97985e-8,5.96008e-8,
17.9415,62.8695,5.82252,-0.999501,-4.9996376e-4,-1.0,1.80793e-7,-9.13973e-8,
17.9415,62.8695,5.82252,-0.999501,-4.9996376e-4,-1.0,1.80793e-7,-9.13973e-8,
7.11099,49.2691,9.44764,-0.9995,-0.99950004,-1.0,2.97985e-8,5.96008e-8,
18.2963,38.176,1.24737,-4.99517e-4,-0.99950004,-1.0,1.80793e-7,-9.13973e-8,
7.11099,49.2691,9.44764,-4.99517e-4,-0.99950004,1.0,1.21196e-7,-2.10599e-7,
17.9415,62.8695,5.82252,-4.99755e-4,-4.9996376e-4,-1.0,1.80793e-7,-9.13973e-8,
29.1269,51.7764,-2.37775,-0.999501,-4.9996376e-4,1.0,1.21196e-7,-2.10599e-7,
29.1269,51.7764,-2.37775,-0.999501,-4.9996376e-4,1.0,1.21196e-7,-2.10599e-7,
18.2963,38.176,1.24737,-0.9995,-0.99950004,-1.0,1.80793e-7,-9.13973e-8,
7.11099,49.2691,9.44764,-4.99517e-4,-0.99950004,1.0,1.21196e-7,-2.10599e-7,
16.9756,42.3638,13.0128,-4.99517e-4,-0.99950004,2.8412e-7,2.26493e-7,-1.0,
27.8062,55.9641,9.38768,-4.99755e-4,-4.9996376e-4,1.33122e-7,7.54953e-8,-1.0,
19.2622,58.6818,-5.9429,-0.999501,-4.9996376e-4,2.8412e-7,2.26493e-7,-1.0,
19.2622,58.6818,-5.9429,-0.999501,-4.9996376e-4,2.8412e-7,2.26493e-7,-1.0,
8.43164,45.0814,-2.31778,-0.9995,-0.99950004,1.33122e-7,7.54953e-8,-1.0,
16.9756,42.3638,13.0128,-4.99517e-4,-0.99950004,2.8412e-7,2.26493e-7,-1.0,
8.43164,45.0814,-2.31778,-4.99517e-4,-0.99950004,1.78766e-8,7.55029e-8,1.0,
19.2622,58.6818,-5.9429,-4.99755e-4,-4.9996376e-4,2.8412e-7,2.26493e-7,-1.0,
27.8062,55.9641,9.38767,-0.999501,-4.9996376e-4,1.78766e-8,7.55029e-8,1.0,
27.8062,55.9641,9.38767,-0.999501,-4.9996376e-4,1.78766e-8,7.55029e-8,1.0,
16.9756,42.3638,13.0128,-0.9995,-0.99950004,2.8412e-7,2.26493e-7,-1.0,
8.43164,45.0814,-2.31778,-4.99517e-4,-0.99950004,1.78766e-8,7.55029e-8,1.0,
-7.73097,41.1508,-3.07977,-4.99517e-4,-0.99950004,-1.0,1.80793e-7,-9.13973e-8,
-6.14241,43.0512,-26.6297,-4.99755e-4,-4.9996376e-4,-1.0,2.97985e-8,5.96008e-8,
15.6865,33.9027,-25.8954,-0.999501,-4.9996376e-4,-1.0,1.80793e-7,-9.13973e-8,
15.6865,33.9027,-25.8954,-0.999501,-4.9996376e-4,-1.0,1.80793e-7,-9.13973e-8,
14.0979,32.0024,-2.34552,-0.9995,-0.99950004,-1.0,2.97985e-8,5.96008e-8,
-7.73097,41.1508,-3.07977,-4.99517e-4,-0.99950004,-1.0,1.80793e-7,-9.13973e-8,
14.0979,32.0024,-2.34552,-4.99517e-4,-0.99950004,1.0,1.21196e-7,-2.10599e-7,
15.6865,33.9027,-25.8954,-4.99755e-4,-4.9996376e-4,-1.0,1.80793e-7,-9.13973e-8,
-6.14241,43.0512,-26.6297,-0.999501,-4.9996376e-4,1.0,1.21196e-7,-2.10599e-7,
-6.14241,43.0512,-26.6297,-0.999501,-4.9996376e-4,1.0,1.21196e-7,-2.10599e-7,
-7.73097,41.1508,-3.07977,-0.9995,-0.99950004,-1.0,1.80793e-7,-9.13973e-8,
14.0979,32.0024,-2.34552,-4.99517e-4,-0.99950004,1.0,1.21196e-7,-2.10599e-7,
-1.33622,25.6974,-3.8954,-4.99517e-4,-0.99950004,2.8412e-7,2.26493e-7,-1.0,
0.252341,27.5977,-27.4453,-4.99755e-4,-4.9996376e-4,1.33122e-7,7.54953e-8,-1.0,
9.2917,49.3561,-25.0798,-0.999501,-4.9996376e-4,2.8412e-7,2.26493e-7,-1.0,
9.2917,49.3561,-25.0798,-0.999501,-4.9996376e-4,2.8412e-7,2.26493e-7,-1.0,
7.70314,47.4558,-1.52989,-0.9995,-0.99950004,1.33122e-7,7.54953e-8,-1.0,
-1.33622,25.6974,-3.8954,-4.99517e-4,-0.99950004,2.8412e-7,2.26493e-7,-1.0,
7.70315,47.4558,-1.52989,-4.99517e-4,-0.99950004,1.78766e-8,7.55029e-8,1.0,
9.2917,49.3561,-25.0798,-4.99755e-4,-4.9996376e-4,2.8412e-7,2.26493e-7,-1.0,
0.252338,27.5977,-27.4453,-0.999501,-4.9996376e-4,1.78766e-8,7.55029e-8,1.0,
0.252338,27.5977,-27.4453,-0.999501,-4.9996376e-4,1.78766e-8,7.55029e-8,1.0,
-1.33622,25.6974,-3.8954,-0.9995,-0.99950004,2.8412e-7,2.26493e-7,-1.0,
7.70315,47.4558,-1.52989,-4.99517e-4,-0.99950004,1.78766e-8,7.55029e-8,1.0,
1.43181,40.1729,-17.0961,-4.99517e-4,-0.99950004,-1.0,1.80793e-7,-9.13973e-8,
14.8782,45.8046,-30.3956,-4.99755e-4,-4.9996376e-4,-1.0,2.97985e-8,5.96008e-8,
27.4304,50.2359,-15.8284,-0.999501,-4.9996376e-4,-1.0,1.80793e-7,-9.13973e-8,
27.4304,50.2359,-15.8284,-0.999501,-4.9996376e-4,-1.0,1.80793e-7,-9.13973e-8,
13.984,44.6042,-2.52889,-0.9995,-0.99950004,-1.0,2.97985e-8,5.96008e-8,
1.43181,40.1729,-17.0961,-4.99517e-4,-0.99950004,-1.0,1.80793e-7,-9.13973e-8,
13.984,44.6042,-2.52889,-4.99517e-4,-0.99950004,1.0,1.21196e-7,-2.10599e-7,
27.4304,50.2359,-15.8284,-4.99755e-4,-4.9996376e-4,-1.0,1.80793e-7,-9.13973e-8,
14.8782,45.8046,-30.3956,-0.999501,-4.9996376e-4,1.0,1.21196e-7,-2.10599e-7,
14.8782,45.8046,-30.3956,-0.999501,-4.9996376e-4,1.0,1.21196e-7,-2.10599e-7,
1.43181,40.1729,-17.0961,-0.9995,-0.99950004,-1.0,1.80793e-7,-9.13973e-8,
13.984,44.6042,-2.52889,-4.99517e-4,-0.99950004,1.0,1.21196e-7,-2.10599e-7,
11.2799,33.1955,-10.0939,-4.99517e-4,-0.99950004,2.8412e-7,2.26493e-7,-1.0,
24.7262,38.8272,-23.3934,-4.99755e-4,-4.9996376e-4,1.33122e-7,7.54953e-8,-1.0,
17.5823,57.2132,-22.8306,-0.999501,-4.9996376e-4,2.8412e-7,2.26493e-7,-1.0,
17.5823,57.2132,-22.8306,-0.999501,-4.9996376e-4,2.8412e-7,2.26493e-7,-1.0,
4.13594,51.5815,-9.53112,-0.9995,-0.99950004,1.33122e-7,7.54953e-8,-1.0,
11.2799,33.1955,-10.0939,-4.99517e-4,-0.99950004,2.8412e-7,2.26493e-7,-1.0,
4.13594,51.5816,-9.53112,-4.99517e-4,-0.99950004,1.78766e-8,7.55029e-8,1.0,
17.5823,57.2132,-22.8306,-4.99755e-4,-4.9996376e-4,2.8412e-7,2.26493e-7,-1.0,
24.7262,38.8272,-23.3934,-0.999501,-4.9996376e-4,1.78766e-8,7.55029e-8,1.0,
24.7262,38.8272,-23.3934,-0.999501,-4.9996376e-4,1.78766e-8,7.55029e-8,1.0,
11.2799,33.1955,-10.0939,-0.9995,-0.99950004,2.8412e-7,2.26493e-7,-1.0,
4.13594,51.5816,-9.53112,-4.99517e-4,-0.99950004,1.78766e-8,7.55029e-8,1.0,
7.77069,45.0068,-21.7198,-4.99517e-4,-0.99950004,-1.0,1.80793e-7,-9.13973e-8,
23.7102,51.4952,-26.1065,-4.99755e-4,-4.9996376e-4,-1.0,2.97985e-8,5.96008e-8,
28.3396,51.7138,-8.96201,-0.999501,-4.9996376e-4,-1.0,1.80793e-7,-9.13973e-8,
28.3396,51.7138,-8.96201,-0.999501,-4.9996376e-4,-1.0,1.80793e-7,-9.13973e-8,
12.4001,45.2253,-4.57528,-0.9995,-0.99950004,-1.0,2.97985e-8,5.96008e-8,
7.77069,45.0068,-21.7198,-4.99517e-4,-0.99950004,-1.0,1.80793e-7,-9.13973e-8,
12.4001,45.2253,-4.57528,-4.99517e-4,-0.99950004,1.0,1.21196e-7,-2.10599e-7,
28.3396,51.7138,-8.96201,-4.99755e-4,-4.9996376e-4,-1.0,1.80793e-7,-9.13973e-8,
23.7102,51.4952,-26.1065,-0.999501,-4.9996376e-4,1.0,1.21196e-7,-2.10599e-7,
23.7102,51.4952,-26.1065,-0.999501,-4.9996376e-4,1.0,1.21196e-7,-2.10599e-7,
7.77069,45.0068,-21.7198,-0.9995,-0.99950004,-1.0,1.80793e-7,-9.13973e-8,
12.4001,45.2253,-4.57528,-4.99517e-4,-0.99950004,1.0,1.21196e-7,-2.10599e-7,
13.2442,36.8507,-13.8951,-4.99517e-4,-0.99950004,2.8412e-7,2.26493e-7,-1.0,
29.1837,43.3392,-18.2818,-4.99755e-4,-4.9996376e-4,1.33122e-7,7.54953e-8,-1.0,
22.8661,59.8699,-16.7867,-0.999501,-4.9996376e-4,2.8412e-7,2.26493e-7,-1.0,
22.8661,59.8699,-16.7867,-0.999501,-4.9996376e-4,2.8412e-7,2.26493e-7,-1.0,
6.92655,53.3814,-12.4,-0.9995,-0.99950004,1.33122e-7,7.54953e-8,-1.0,
13.2442,36.8507,-13.8951,-4.99517e-4,-0.99950004,2.8412e-7,2.26493e-7,-1.0,
6.92655,53.3814,-12.3999,-4.99517e-4,-0.99950004,1.78766e-8,7.55029e-8,1.0,
22.8661,59.8699,-16.7867,-4.99755e-4,-4.9996376e-4,2.8412e-7,2.26493e-7,-1.0,
29.1837,43.3392,-18.2818,-0.999501,-4.9996376e-4,1.78766e-8,7.55029e-8,1.0,
29.1837,43.3392,-18.2818,-0.999501,-4.9996376e-4,1.78766e-8,7.55029e-8,1.0,
13.2442,36.8507,-13.8951,-0.9995,-0.99950004,2.8412e-7,2.26493e-7,-1.0,
6.92655,53.3814,-12.3999,-4.99517e-4,-0.99950004,1.78766e-8,7.55029e-8,1.0,
10.434,28.9978,3.68251,-4.99517e-4,-0.99950004,-1.0,1.80793e-7,-9.13973e-8,
22.7141,34.6675,23.1192,-4.99755e-4,-4.9996376e-4,-1.0,2.97985e-8,5.96008e-8,
6.19703,50.6202,28.9012,-0.999501,-4.9996376e-4,-1.0,1.80793e-7,-9.13973e-8,
6.19703,50.6202,28.9012,-0.999501,-4.9996376e-4,-1.0,1.80793e-7,-9.13973e-8,
-6.08307,44.9505,9.46453,-0.9995,-0.99950004,-1.0,2.97985e-8,5.96008e-8,
10.434,28.9978,3.68251,-4.99517e-4,-0.99950004,-1.0,1.80793e-7,-9.13973e-8,
-6.08307,44.9505,9.46453,-4.99517e-4,-0.99950004,1.0,1.21196e-7,-2.10599e-7,
6.19703,50.6202,28.9012,-4.99755e-4,-4.9996376e-4,-1.0,1.80793e-7,-9.13973e-8,
22.7141,34.6675,23.1192,-0.999501,-4.9996376e-4,1.0,1.21196e-7,-2.10599e-7,
22.7141,34.6675,23.1192,-0.999501,-4.9996376e-4,1.0,1.21196e-7,-2.10599e-7,
10.434,28.9978,3.68251,-0.9995,-0.99950004,-1.0,1.80793e-7,-9.13973e-8,
-6.08307,44.9505,9.46453,-4.99517e-4,-0.99950004,1.0,1.21196e-7,-2.10599e-7,
-3.67943,28.6962,12.6873,-4.99517e-4,-0.99950004,2.8412e-7,2.26493e-7,-1.0,
8.60068,34.3659,32.1241,-4.99755e-4,-4.9996376e-4,1.33122e-7,7.54953e-8,-1.0,
20.3104,50.9219,19.8964,-0.999501,-4.9996376e-4,2.8412e-7,2.26493e-7,-1.0,
20.3104,50.9219,19.8964,-0.999501,-4.9996376e-4,2.8412e-7,2.26493e-7,-1.0,
8.03035,45.2521,0.459698,-0.9995,-0.99950004,1.33122e-7,7.54953e-8,-1.0,
-3.67943,28.6962,12.6873,-4.99517e-4,-0.99950004,2.8412e-7,2.26493e-7,-1.0,
8.03034,45.2521,0.459699,-4.99517e-4,-0.99950004,1.78766e-8,7.55029e-8,1.0,
20.3104,50.9219,19.8964,-4.99755e-4,-4.9996376e-4,2.8412e-7,2.26493e-7,-1.0,
8.60068,34.3659,32.1241,-0.999501,-4.9996376e-4,1.78766e-8,7.55029e-8,1.0,
8.60068,34.3659,32.1241,-0.999501,-4.9996376e-4,1.78766e-8,7.55029e-8,1.0,
-3.67943,28.6962,12.6873,-0.9995,-0.99950004,2.8412e-7,2.26493e-7,-1.0,
8.03034,45.2521,0.459699,-4.99517e-4,-0.99950004,1.78766e-8,7.55029e-8,1.0,
6.72554,40.0872,23.7492,-4.99517e-4,-0.99950004,-1.0,1.80793e-7,-9.13973e-8,
-5.28595,51.6592,34.2948,-4.99755e-4,-4.9996376e-4,-1.0,2.97985e-8,5.96008e-8,
-13.6813,58.1177,17.6454,-0.999501,-4.9996376e-4,-1.0,1.80793e-7,-9.13973e-8,
-13.6813,58.1177,17.6454,-0.999501,-4.9996376e-4,-1.0,1.80793e-7,-9.13973e-8,
-1.66979,46.5457,7.09978,-0.9995,-0.99950004,-1.0,2.97985e-8,5.96008e-8,
6.72554,40.0872,23.7492,-4.99517e-4,-0.99950004,-1.0,1.80793e-7,-9.13973e-8,
-1.66979,46.5457,7.09978,-4.99517e-4,-0.99950004,1.0,1.21196e-7,-2.10599e-7,
-13.6813,58.1177,17.6454,-4.99755e-4,-4.9996376e-4,-1.0,1.80793e-7,-9.13973e-8,
-5.28595,51.6592,34.2948,-0.999501,-4.9996376e-4,1.0,1.21196e-7,-2.10599e-7,
-5.28595,51.6592,34.2948,-0.999501,-4.9996376e-4,1.0,1.21196e-7,-2.10599e-7,
6.72554,40.0872,23.7492,-0.9995,-0.99950004,-1.0,1.80793e-7,-9.13973e-8,
-1.66979,46.5457,7.09978,-4.99517e-4,-0.99950004,1.0,1.21196e-7,-2.10599e-7,
-4.07969,36.0059,15.9205,-4.99517e-4,-0.99950004,2.8412e-7,2.26493e-7,-1.0,
-16.0912,47.5779,26.4661,-4.99755e-4,-4.9996376e-4,1.33122e-7,7.54953e-8,-1.0,
-2.87605,62.1989,25.4741,-0.999501,-4.9996376e-4,2.8412e-7,2.26493e-7,-1.0,
-2.87605,62.1989,25.4741,-0.999501,-4.9996376e-4,2.8412e-7,2.26493e-7,-1.0,
9.13544,50.6269,14.9285,-0.9995,-0.99950004,1.33122e-7,7.54953e-8,-1.0,
-4.07969,36.0059,15.9205,-4.99517e-4,-0.99950004,2.8412e-7,2.26493e-7,-1.0,
9.13544,50.6269,14.9285,-4.99517e-4,-0.99950004,1.78766e-8,7.55029e-8,1.0,
-2.87605,62.1989,25.4741,-4.99755e-4,-4.9996376e-4,2.8412e-7,2.26493e-7,-1.0,
-16.0912,47.5779,26.4661,-0.999501,-4.9996376e-4,1.78766e-8,7.55029e-8,1.0,
-16.0912,47.5779,26.4661,-0.999501,-4.9996376e-4,1.78766e-8,7.55029e-8,1.0,
-4.07969,36.0059,15.9205,-0.9995,-0.99950004,2.8412e-7,2.26493e-7,-1.0,
9.13544,50.6269,14.9285,-4.99517e-4,-0.99950004,1.78766e-8,7.55029e-8,1.0,
8.43009,44.6731,25.1074,-4.99517e-4,-0.99950004,-1.0,1.80793e-7,-9.13973e-8,
1.82677,56.2737,36.8221,-4.99755e-4,-4.9996376e-4,-1.0,2.97985e-8,5.96008e-8,
-10.5479,61.1248,25.043,-0.999501,-4.9996376e-4,-1.0,1.80793e-7,-9.13973e-8,
-10.5479,61.1248,25.043,-0.999501,-4.9996376e-4,-1.0,1.80793e-7,-9.13973e-8,
-3.94456,49.5242,13.3283,-0.9995,-0.99950004,-1.0,2.97985e-8,5.96008e-8,
8.43009,44.6731,25.1074,-4.99517e-4,-0.99950004,-1.0,1.80793e-7,-9.13973e-8,
-3.94456,49.5242,13.3283,-4.99517e-4,-0.99950004,1.0,1.21196e-7,-2.10599e-7,
-10.5479,61.1248,25.043,-4.99755e-4,-4.9996376e-4,-1.0,1.80793e-7,-9.13973e-8,
1.82678,56.2737,36.8221,-0.999501,-4.9996376e-4,1.0,1.21196e-7,-2.10599e-7,
1.82678,56.2737,36.8221,-0.999501,-4.9996376e-4,1.0,1.21196e-7,-2.10599e-7,
8.43009,44.6731,25.1074,-0.9995,-0.99950004,-1.0,1.80793e-7,-9.13973e-8,
-3.94456,49.5242,13.3283,-4.99517e-4,-0.99950004,1.0,1.21196e-7,-2.10599e-7,
-3.20418,40.8276,22.3575,-4.99517e-4,-0.99950004,2.8412e-7,2.26493e-7,-1.0,
-9.80749,52.4282,34.0722,-4.99755e-4,-4.9996376e-4,1.33122e-7,7.54953e-8,-1.0,
1.08639,64.9703,27.7929,-0.999501,-4.9996376e-4,2.8412e-7,2.26493e-7,-1.0,
1.08639,64.9703,27.7929,-0.999501,-4.9996376e-4,2.8412e-7,2.26493e-7,-1.0,
7.6897,53.3697,16.0782,-0.9995,-0.99950004,1.33122e-7,7.54953e-8,-1.0,
-3.20418,40.8276,22.3575,-4.99517e-4,-0.99950004,2.8412e-7,2.26493e-7,-1.0,
7.6897,53.3697,16.0782,-4.99517e-4,-0.99950004,1.78766e-8,7.55029e-8,1.0,
1.08639,64.9703,27.7929,-4.99755e-4,-4.9996376e-4,2.8412e-7,2.26493e-7,-1.0,
-9.80749,52.4282,34.0722,-0.999501,-4.9996376e-4,1.78766e-8,7.55029e-8,1.0,
-9.80749,52.4282,34.0722,-0.999501,-4.9996376e-4,1.78766e-8,7.55029e-8,1.0,
-3.20418,40.8276,22.3575,-0.9995,-0.99950004,2.8412e-7,2.26493e-7,-1.0,
7.6897,53.3697,16.0782,-4.99517e-4,-0.99950004,1.78766e-8,7.55029e-8,1.0,
10.5408,25.2487,-7.25737,-4.99517e-4,-0.99950004,-1.0,1.80793e-7,-9.13973e-8,
26.9293,38.7471,3.22811,-4.99755e-4,-4.9996376e-4,-1.0,2.97985e-8,5.96008e-8,
13.3665,40.1762,22.5864,-0.999501,-4.9996376e-4,-1.0,1.80793e-7,-9.13973e-8,
13.3665,40.1762,22.5864,-0.999501,-4.9996376e-4,-1.0,1.80793e-7,-9.13973e-8,
-3.02192,26.6778,12.1009,-0.9995,-0.99950004,-1.0,2.97985e-8,5.96008e-8,
10.5408,25.2487,-7.25737,-4.99517e-4,-0.99950004,-1.0,1.80793e-7,-9.13973e-8,
-3.02192,26.6778,12.1009,-4.99517e-4,-0.99950004,1.0,1.21196e-7,-2.10599e-7,
13.3665,40.1762,22.5864,-4.99755e-4,-4.9996376e-4,-1.0,1.80793e-7,-9.13973e-8,
26.9293,38.7471,3.22811,-0.999501,-4.9996376e-4,1.0,1.21196e-7,-2.10599e-7,
26.9293,38.7471,3.22811,-0.999501,-4.9996376e-4,1.0,1.21196e-7,-2.10599e-7,
10.5408,25.2487,-7.25737,-0.9995,-0.99950004,-1.0,1.80793e-7,-9.13973e-8,
-3.02192,26.6778,12.1009,-4.99517e-4,-0.99950004,1.0,1.21196e-7,-2.10599e-7,
8.96049,16.2617,6.78195,-4.99517e-4,-0.99950004,2.8412e-7,2.26493e-7,-1.0,
25.3489,29.76,17.2674,-4.99755e-4,-4.9996376e-4,1.33122e-7,7.54953e-8,-1.0,
14.9468,49.1632,8.54707,-0.999501,-4.9996376e-4,2.8412e-7,2.26493e-7,-1.0,
14.9468,49.1632,8.54707,-0.999501,-4.9996376e-4,2.8412e-7,2.26493e-7,-1.0,
-1.44161,35.6649,-1.93841,-0.9995,-0.99950004,1.33122e-7,7.54953e-8,-1.0,
8.96049,16.2617,6.78195,-4.99517e-4,-0.99950004,2.8412e-7,2.26493e-7,-1.0,
-1.44161,35.6649,-1.93841,-4.99517e-4,-0.99950004,1.78766e-8,7.55029e-8,1.0,
14.9468,49.1632,8.54707,-4.99755e-4,-4.9996376e-4,2.8412e-7,2.26493e-7,-1.0,
25.3489,29.76,17.2674,-0.999501,-4.9996376e-4,1.78766e-8,7.55029e-8,1.0,
25.3489,29.76,17.2674,-0.999501,-4.9996376e-4,1.78766e-8,7.55029e-8,1.0,
8.96049,16.2617,6.78195,-0.9995,-0.99950004,2.8412e-7,2.26493e-7,-1.0,
-1.44161,35.6649,-1.93841,-4.99517e-4,-0.99950004,1.78766e-8,7.55029e-8,1.0,
16.9926,39.1306,-1.92114,-4.99517e-4,-0.99950004,-1.0,1.80793e-7,-9.13973e-8,
28.7845,42.8116,13.4671,-4.99755e-4,-4.9996376e-4,-1.0,2.97985e-8,5.96008e-8,
16.7787,32.3929,25.1594,-0.999501,-4.9996376e-4,-1.0,1.80793e-7,-9.13973e-8,
16.7787,32.3929,25.1594,-0.999501,-4.9996376e-4,-1.0,1.80793e-7,-9.13973e-8,
4.98675,28.7118,9.7711,-0.9995,-0.99950004,-1.0,2.97985e-8,5.96008e-8,
16.9926,39.1306,-1.92114,-4.99517e-4,-0.99950004,-1.0,1.80793e-7,-9.13973e-8,
4.98676,28.7118,9.7711,-4.99517e-4,-0.99950004,1.0,1.21196e-7,-2.10599e-7,
16.7787,32.3929,25.1594,-4.99755e-4,-4.9996376e-4,-1.0,1.80793e-7,-9.13973e-8,
28.7845,42.8116,13.4671,-0.999501,-4.9996376e-4,1.0,1.21196e-7,-2.10599e-7,
28.7845,42.8116,13.4671,-0.999501,-4.9996376e-4,1.0,1.21196e-7,-2.10599e-7,
16.9926,39.1306,-1.92114,-0.9995,-0.99950004,-1.0,1.80793e-7,-9.13973e-8,
4.98676,28.7118,9.7711,-4.99517e-4,-0.99950004,1.0,1.21196e-7,-2.10599e-7,
16.1425,25.7466,1.93181,-4.99517e-4,-0.99950004,2.8412e-7,2.26493e-7,-1.0,
27.9345,29.4276,17.3201,-4.99755e-4,-4.9996376e-4,1.33122e-7,7.54953e-8,-1.0,
17.6287,45.7768,21.3064,-0.999501,-4.9996376e-4,2.8412e-7,2.26493e-7,-1.0,
17.6287,45.7768,21.3064,-0.999501,-4.9996376e-4,2.8412e-7,2.26493e-7,-1.0,
5.83678,42.0958,5.91815,-0.9995,-0.99950004,1.33122e-7,7.54953e-8,-1.0,
16.1425,25.7466,1.93181,-4.99517e-4,-0.99950004,2.8412e-7,2.26493e-7,-1.0,
5.83678,42.0958,5.91815,-4.99517e-4,-0.99950004,1.78766e-8,7.55029e-8,1.0,
17.6287,45.7768,21.3064,-4.99755e-4,-4.9996376e-4,2.8412e-7,2.26493e-7,-1.0,
27.9345,29.4276,17.3201,-0.999501,-4.9996376e-4,1.78766e-8,7.55029e-8,1.0,
27.9345,29.4276,17.3201,-0.999501,-4.9996376e-4,1.78766e-8,7.55029e-8,1.0,
16.1425,25.7466,1.93181,-0.9995,-0.99950004,2.8412e-7,2.26493e-7,-1.0,
5.83678,42.0958,5.91815,-4.99517e-4,-0.99950004,1.78766e-8,7.55029e-8,1.0,
19.199,39.8163,-0.786026,-4.99517e-4,-0.99950004,-1.0,1.80793e-7,-9.13973e-8,
30.7318,47.1093,10.5815,-4.99755e-4,-4.9996376e-4,-1.0,2.97985e-8,5.96008e-8,
20.4539,42.1508,24.19,-0.999501,-4.9996376e-4,-1.0,1.80793e-7,-9.13973e-8,
20.4539,42.1508,24.19,-0.999501,-4.9996376e-4,-1.0,1.80793e-7,-9.13973e-8,
8.9212,34.8577,12.8225,-0.9995,-0.99950004,-1.0,2.97985e-8,5.96008e-8,
19.199,39.8163,-0.786026,-4.99517e-4,-0.99950004,-1.0,1.80793e-7,-9.13973e-8,
8.9212,34.8577,12.8225,-4.99517e-4,-0.99950004,1.0,1.21196e-7,-2.10599e-7,
20.4539,42.1508,24.19,-4.99755e-4,-4.9996376e-4,-1.0,1.80793e-7,-9.13973e-8,
30.7318,47.1094,10.5815,-0.999501,-4.9996376e-4,1.0,1.21196e-7,-2.10599e-7,
30.7318,47.1094,10.5815,-0.999501,-4.9996376e-4,1.0,1.21196e-7,-2.10599e-7,
19.199,39.8163,-0.786026,-0.9995,-0.99950004,-1.0,1.80793e-7,-9.13973e-8,
8.9212,34.8577,12.8225,-4.99517e-4,-0.99950004,1.0,1.21196e-7,-2.10599e-7,
18.4412,29.6293,6.51857,-4.99517e-4,-0.99950004,2.8412e-7,2.26493e-7,-1.0,
29.9739,36.9224,17.8861,-4.99755e-4,-4.9996376e-4,1.33122e-7,7.54953e-8,-1.0,
21.2118,52.3378,16.8854,-0.999501,-4.9996376e-4,2.8412e-7,2.26493e-7,-1.0,
21.2118,52.3378,16.8854,-0.999501,-4.9996376e-4,2.8412e-7,2.26493e-7,-1.0,
9.67907,45.0447,5.51788,-0.9995,-0.99950004,1.33122e-7,7.54953e-8,-1.0,
18.4412,29.6293,6.51857,-4.99517e-4,-0.99950004,2.8412e-7,2.26493e-7,-1.0,
9.67907,45.0447,5.51788,-4.99517e-4,-0.99950004,1.78766e-8,7.55029e-8,1.0,
21.2118,52.3378,16.8854,-4.99755e-4,-4.9996376e-4,2.8412e-7,2.26493e-7,-1.0,
29.9739,36.9224,17.8861,-0.999501,-4.9996376e-4,1.78766e-8,7.55029e-8,1.0,
29.9739,36.9224,17.8861,-0.999501,-4.9996376e-4,1.78766e-8,7.55029e-8,1.0,
18.4412,29.6293,6.51857,-0.9995,-0.99950004,2.8412e-7,2.26493e-7,-1.0,
9.67907,45.0447,5.51788,-4.99517e-4,-0.99950004,1.78766e-8,7.55029e-8,1.0,
4.65938,34.141,1.6183,-4.99517e-4,-0.99950004,-1.0,1.80793e-7,-9.13973e-8,
-9.08544,48.6926,14.2699,-4.99755e-4,-4.9996376e-4,-1.0,2.97985e-8,5.96008e-8,
-24.4705,31.0507,17.8469,-0.999501,-4.9996376e-4,-1.0,1.80793e-7,-9.13973e-8,
-24.4705,31.0507,17.8469,-0.999501,-4.9996376e-4,-1.0,1.80793e-7,-9.13973e-8,
-10.7257,16.499,5.19529,-0.9995,-0.99950004,-1.0,2.97985e-8,5.96008e-8,
4.65938,34.141,1.6183,-4.99517e-4,-0.99950004,-1.0,1.80793e-7,-9.13973e-8,
-10.7257,16.499,5.19529,-4.99517e-4,-0.99950004,1.0,1.21196e-7,-2.10599e-7,
-24.4705,31.0507,17.8469,-4.99755e-4,-4.9996376e-4,-1.0,1.80793e-7,-9.13973e-8,
-9.08544,48.6926,14.2699,-0.999501,-4.9996376e-4,1.0,1.21196e-7,-2.10599e-7,
-9.08544,48.6926,14.2699,-0.999501,-4.9996376e-4,1.0,1.21196e-7,-2.10599e-7,
4.65938,34.141,1.6183,-0.9995,-0.99950004,-1.0,1.80793e-7,-9.13973e-8,
-10.7257,16.499,5.19529,-4.99517e-4,-0.99950004,1.0,1.21196e-7,-2.10599e-7,
2.77878,22.2482,13.2541,-4.99517e-4,-0.99950004,2.8412e-7,2.26493e-7,-1.0,
-10.966,36.7998,25.9057,-4.99755e-4,-4.9996376e-4,1.33122e-7,7.54953e-8,-1.0,
-22.5899,42.9435,6.21113,-0.999501,-4.9996376e-4,2.8412e-7,2.26493e-7,-1.0,
-22.5899,42.9435,6.21113,-0.999501,-4.9996376e-4,2.8412e-7,2.26493e-7,-1.0,
-8.84505,28.3918,-6.44048,-0.9995,-0.99950004,1.33122e-7,7.54953e-8,-1.0,
2.77878,22.2482,13.2541,-4.99517e-4,-0.99950004,2.8412e-7,2.26493e-7,-1.0,
-8.84506,28.3918,-6.44048,-4.99517e-4,-0.99950004,1.78766e-8,7.55029e-8,1.0,
-22.5899,42.9435,6.21113,-4.99755e-4,-4.9996376e-4,2.8412e-7,2.26493e-7,-1.0,
-10.966,36.7998,25.9057,-0.999501,-4.9996376e-4,1.78766e-8,7.55029e-8,1.0,
-10.966,36.7998,25.9057,-0.999501,-4.9996376e-4,1.78766e-8,7.55029e-8,1.0,
2.77878,22.2482,13.2541,-0.9995,-0.99950004,2.8412e-7,2.26493e-7,-1.0,
-8.84506,28.3918,-6.44048,-4.99517e-4,-0.99950004,1.78766e-8,7.55029e-8,1.0,
0.322567,34.7875,10.6837,-4.99517e-4,-0.99950004,-1.0,1.80793e-7,-9.13973e-8,
-7.46585,51.9914,16.4077,-4.99755e-4,-4.9996376e-4,-1.0,2.97985e-8,5.96008e-8,
-25.348,43.6739,17.075,-0.999501,-4.9996376e-4,-1.0,1.80793e-7,-9.13973e-8,
-25.348,43.6739,17.075,-0.999501,-4.9996376e-4,-1.0,1.80793e-7,-9.13973e-8,
-17.5596,26.47,11.351,-0.9995,-0.99950004,-1.0,2.97985e-8,5.96008e-8,
0.322567,34.7875,10.6837,-4.99517e-4,-0.99950004,-1.0,1.80793e-7,-9.13973e-8,
-17.5596,26.47,11.351,-4.99517e-4,-0.99950004,1.0,1.21196e-7,-2.10599e-7,
-25.348,43.6739,17.075,-4.99755e-4,-4.9996376e-4,-1.0,1.80793e-7,-9.13973e-8,
-7.46585,51.9914,16.4076,-0.999501,-4.9996376e-4,1.0,1.21196e-7,-2.10599e-7,
-7.46585,51.9914,16.4076,-0.999501,-4.9996376e-4,1.0,1.21196e-7,-2.10599e-7,
0.322567,34.7875,10.6837,-0.9995,-0.99950004,-1.0,1.80793e-7,-9.13973e-8,
-17.5596,26.47,11.351,-4.99517e-4,-0.99950004,1.0,1.21196e-7,-2.10599e-7,
-7.1213,28.1669,20.4538,-4.99517e-4,-0.99950004,2.8412e-7,2.26493e-7,-1.0,
-14.9097,45.3709,26.1778,-4.99755e-4,-4.9996376e-4,1.33122e-7,7.54953e-8,-1.0,
-17.9041,50.2945,7.30482,-0.999501,-4.9996376e-4,2.8412e-7,2.26493e-7,-1.0,
-17.9041,50.2945,7.30482,-0.999501,-4.9996376e-4,2.8412e-7,2.26493e-7,-1.0,
-10.1157,33.0906,1.58085,-0.9995,-0.99950004,1.33122e-7,7.54953e-8,-1.0,
-7.1213,28.1669,20.4538,-4.99517e-4,-0.99950004,2.8412e-7,2.26493e-7,-1.0,
-10.1157,33.0906,1.58085,-4.99517e-4,-0.99950004,1.78766e-8,7.55029e-8,1.0,
-17.9041,50.2945,7.30482,-4.99755e-4,-4.9996376e-4,2.8412e-7,2.26493e-7,-1.0,
-14.9097,45.3709,26.1778,-0.999501,-4.9996376e-4,1.78766e-8,7.55029e-8,1.0,
-14.9097,45.3709,26.1778,-0.999501,-4.9996376e-4,1.78766e-8,7.55029e-8,1.0,
-7.1213,28.1669,20.4538,-0.9995,-0.99950004,2.8412e-7,2.26493e-7,-1.0,
-10.1157,33.0906,1.58085,-4.99517e-4,-0.99950004,1.78766e-8,7.55029e-8,1.0,
-5.8781,40.09,13.7984,-4.99517e-4,-0.99950004,-1.0,1.80793e-7,-9.13973e-8,
-7.46711,43.798,31.094,-4.99755e-4,-4.9996376e-4,-1.0,2.97985e-8,5.96008e-8,
-18.9524,30.375,32.9166,-0.999501,-4.9996376e-4,-1.0,1.80793e-7,-9.13973e-8,
-18.9524,30.375,32.9166,-0.999501,-4.9996376e-4,-1.0,1.80793e-7,-9.13973e-8,
-17.3634,26.667,15.621,-0.9995,-0.99950004,-1.0,2.97985e-8,5.96008e-8,
-5.8781,40.09,13.7984,-4.99517e-4,-0.99950004,-1.0,1.80793e-7,-9.13973e-8,
-17.3634,26.667,15.621,-4.99517e-4,-0.99950004,1.0,1.21196e-7,-2.10599e-7,
-18.9524,30.375,32.9166,-4.99755e-4,-4.9996376e-4,-1.0,1.80793e-7,-9.13973e-8,
-7.46712,43.798,31.094,-0.999501,-4.9996376e-4,1.0,1.21196e-7,-2.10599e-7,
-7.46712,43.798,31.094,-0.999501,-4.9996376e-4,1.0,1.21196e-7,-2.10599e-7,
-5.8781,40.09,13.7984,-0.9995,-0.99950004,-1.0,1.80793e-7,-9.13973e-8,
-17.3634,26.667,15.621,-4.99517e-4,-0.99950004,1.0,1.21196e-7,-2.10599e-7,
-4.89443,27.8674,16.5092,-4.99517e-4,-0.99950004,2.8412e-7,2.26493e-7,-1.0,
-6.48345,31.5755,33.8048,-4.99755e-4,-4.9996376e-4,1.33122e-7,7.54953e-8,-1.0,
-19.9361,42.5975,30.2058,-0.999501,-4.9996376e-4,2.8412e-7,2.26493e-7,-1.0,
-19.9361,42.5975,30.2058,-0.999501,-4.9996376e-4,2.8412e-7,2.26493e-7,-1.0,
-18.3471,38.8895,12.9102,-0.9995,-0.99950004,1.33122e-7,7.54953e-8,-1.0,
-4.89443,27.8674,16.5092,-4.99517e-4,-0.99950004,2.8412e-7,2.26493e-7,-1.0,
-18.3471,38.8895,12.9102,-4.99517e-4,-0.99950004,1.78766e-8,7.55029e-8,1.0,
-19.9361,42.5975,30.2058,-4.99755e-4,-4.9996376e-4,2.8412e-7,2.26493e-7,-1.0,
-6.48345,31.5755,33.8048,-0.999501,-4.9996376e-4,1.78766e-8,7.55029e-8,1.0,
-6.48345,31.5755,33.8048,-0.999501,-4.9996376e-4,1.78766e-8,7.55029e-8,1.0,
-4.89443,27.8674,16.5092,-0.9995,-0.99950004,2.8412e-7,2.26493e-7,-1.0,
-18.3471,38.8895,12.9102,-4.99517e-4,-0.99950004,1.78766e-8,7.55029e-8,1.0,
7.7952,27.0726,6.62733,-4.99517e-4,-0.99950004,-1.0,1.80793e-7,-9.13973e-8,
-2.84451,35.9934,25.8093,-4.99755e-4,-4.9996376e-4,-1.0,2.97985e-8,5.96008e-8,
-22.5219,23.9366,20.502,-0.999501,-4.9996376e-4,-1.0,1.80793e-7,-9.13973e-8,
-22.5219,23.9366,20.502,-0.999501,-4.9996376e-4,-1.0,1.80793e-7,-9.13973e-8,
-11.8822,15.0158,1.31997,-0.9995,-0.99950004,-1.0,2.97985e-8,5.96008e-8,
7.7952,27.0726,6.62733,-4.99517e-4,-0.99950004,-1.0,1.80793e-7,-9.13973e-8,
-11.8822,15.0158,1.31998,-4.99517e-4,-0.99950004,1.0,1.21196e-7,-2.10599e-7,
-22.5219,23.9366,20.502,-4.99755e-4,-4.9996376e-4,-1.0,1.80793e-7,-9.13973e-8,
-2.84451,35.9934,25.8093,-0.999501,-4.9996376e-4,1.0,1.21196e-7,-2.10599e-7,
-2.84451,35.9934,25.8093,-0.999501,-4.9996376e-4,1.0,1.21196e-7,-2.10599e-7,
7.7952,27.0726,6.62733,-0.9995,-0.99950004,-1.0,1.80793e-7,-9.13973e-8,
-11.8822,15.0158,1.31998,-4.99517e-4,-0.99950004,1.0,1.21196e-7,-2.10599e-7,
1.84016,11.8819,10.3888,-4.99517e-4,-0.99950004,2.8412e-7,2.26493e-7,-1.0,
-8.79956,20.8027,29.5708,-4.99755e-4,-4.9996376e-4,1.33122e-7,7.54953e-8,-1.0,
-16.5668,39.1272,16.7405,-0.999501,-4.9996376e-4,2.8412e-7,2.26493e-7,-1.0,
-16.5668,39.1272,16.7405,-0.999501,-4.9996376e-4,2.8412e-7,2.26493e-7,-1.0,
-5.92712,30.2064,-2.44149,-0.9995,-0.99950004,1.33122e-7,7.54953e-8,-1.0,
1.84016,11.8819,10.3888,-4.99517e-4,-0.99950004,2.8412e-7,2.26493e-7,-1.0,
-5.92712,30.2064,-2.44149,-4.99517e-4,-0.99950004,1.78766e-8,7.55029e-8,1.0,
-16.5668,39.1272,16.7405,-4.99755e-4,-4.9996376e-4,2.8412e-7,2.26493e-7,-1.0,
-8.79956,20.8027,29.5708,-0.999501,-4.9996376e-4,1.78766e-8,7.55029e-8,1.0,
-8.79956,20.8027,29.5708,-0.999501,-4.9996376e-4,1.78766e-8,7.55029e-8,1.0,
1.84016,11.8819,10.3888,-0.9995,-0.99950004,2.8412e-7,2.26493e-7,-1.0,
-5.92712,30.2064,-2.44149,-4.99517e-4,-0.99950004,1.78766e-8,7.55029e-8,1.0,
1.14405,29.2208,17.1302,-4.99517e-4,-0.99950004,-1.0,1.80793e-7,-9.13973e-8,
-7.79847,45.6902,23.3101,-4.99755e-4,-4.9996376e-4,-1.0,2.97985e-8,5.96008e-8,
-23.5503,41.2787,12.273,-0.999501,-4.9996376e-4,-1.0,1.80793e-7,-9.13973e-8,
-23.5503,41.2787,12.273,-0.999501,-4.9996376e-4,-1.0,1.80793e-7,-9.13973e-8,
-14.6078,24.8093,6.0932,-0.9995,-0.99950004,-1.0,2.97985e-8,5.96008e-8,
1.14405,29.2208,17.1302,-4.99517e-4,-0.99950004,-1.0,1.80793e-7,-9.13973e-8,
-14.6078,24.8093,6.0932,-4.99517e-4,-0.99950004,1.0,1.21196e-7,-2.10599e-7,
-23.5503,41.2787,12.273,-4.99755e-4,-4.9996376e-4,-1.0,1.80793e-7,-9.13973e-8,
-7.79847,45.6902,23.3101,-0.999501,-4.9996376e-4,1.0,1.21196e-7,-2.10599e-7,
-7.79847,45.6902,23.3101,-0.999501,-4.9996376e-4,1.0,1.21196e-7,-2.10599e-7,
1.14405,29.2208,17.1302,-0.9995,-0.99950004,-1.0,1.80793e-7,-9.13973e-8,
-14.6078,24.8093,6.0932,-4.99517e-4,-0.99950004,1.0,1.21196e-7,-2.10599e-7,
-10.6469,22.0478,19.1846,-4.99517e-4,-0.99950004,2.8412e-7,2.26493e-7,-1.0,
-19.5894,38.5171,25.3644,-4.99755e-4,-4.9996376e-4,1.33122e-7,7.54953e-8,-1.0,
-11.7594,48.4518,10.2187,-0.999501,-4.9996376e-4,2.8412e-7,2.26493e-7,-1.0,
-11.7594,48.4518,10.2187,-0.999501,-4.9996376e-4,2.8412e-7,2.26493e-7,-1.0,
-2.81687,31.9824,4.03888,-0.9995,-0.99950004,1.33122e-7,7.54953e-8,-1.0,
-10.6469,22.0478,19.1846,-4.99517e-4,-0.99950004,2.8412e-7,2.26493e-7,-1.0,
-2.81688,31.9824,4.03888,-4.99517e-4,-0.99950004,1.78766e-8,7.55029e-8,1.0,
-11.7594,48.4518,10.2187,-4.99755e-4,-4.9996376e-4,2.8412e-7,2.26493e-7,-1.0,
-19.5894,38.5171,25.3644,-0.999501,-4.9996376e-4,1.78766e-8,7.55029e-8,1.0,
-19.5894,38.5171,25.3644,-0.999501,-4.9996376e-4,1.78766e-8,7.55029e-8,1.0,
-10.6469,22.0478,19.1846,-0.9995,-0.99950004,2.8412e-7,2.26493e-7,-1.0,
-2.81688,31.9824,4.03888,-4.99517e-4,-0.99950004,1.78766e-8,7.55029e-8,1.0,
-6.48159,37.2354,17.8475,-4.99517e-4,-0.99950004,-1.0,1.80793e-7,-9.13973e-8,
-21.3666,46.3234,14.4924,-4.99755e-4,-4.9996376e-4,-1.0,2.97985e-8,5.96008e-8,
-28.733,31.7106,7.59191,-0.999501,-4.9996376e-4,-1.0,1.80793e-7,-9.13973e-8,
-28.733,31.7106,7.59191,-0.999501,-4.9996376e-4,-1.0,1.80793e-7,-9.13973e-8,
-13.8479,22.6226,10.9471,-0.9995,-0.99950004,-1.0,2.97985e-8,5.96008e-8,
-6.48159,37.2354,17.8475,-4.99517e-4,-0.99950004,-1.0,1.80793e-7,-9.13973e-8,
-13.8479,22.6226,10.9471,-4.99517e-4,-0.99950004,1.0,1.21196e-7,-2.10599e-7,
-28.733,31.7106,7.59191,-4.99755e-4,-4.9996376e-4,-1.0,1.80793e-7,-9.13973e-8,
-21.3666,46.3234,14.4924,-0.999501,-4.9996376e-4,1.0,1.21196e-7,-2.10599e-7,
-21.3666,46.3234,14.4924,-0.999501,-4.9996376e-4,1.0,1.21196e-7,-2.10599e-7,
-6.48159,37.2354,17.8475,-0.9995,-0.99950004,-1.0,1.80793e-7,-9.13973e-8,
-13.8479,22.6226,10.9471,-4.99517e-4,-0.99950004,1.0,1.21196e-7,-2.10599e-7,
-13.3106,27.7331,22.4057,-4.99517e-4,-0.99950004,2.8412e-7,2.26493e-7,-1.0,
-28.1956,36.8211,19.0506,-4.99755e-4,-4.9996376e-4,1.33122e-7,7.54953e-8,-1.0,
-21.9039,41.2129,3.03372,-0.999501,-4.9996376e-4,2.8412e-7,2.26493e-7,-1.0,
-21.9039,41.2129,3.03372,-0.999501,-4.9996376e-4,2.8412e-7,2.26493e-7,-1.0,
-7.01893,32.1249,6.38887,-0.9995,-0.99950004,1.33122e-7,7.54953e-8,-1.0,
-13.3106,27.7331,22.4057,-4.99517e-4,-0.99950004,2.8412e-7,2.26493e-7,-1.0,
-7.01893,32.1249,6.38887,-4.99517e-4,-0.99950004,1.78766e-8,7.55029e-8,1.0,
-21.9039,41.2129,3.03372,-4.99755e-4,-4.9996376e-4,2.8412e-7,2.26493e-7,-1.0,
-28.1956,36.8211,19.0506,-0.999501,-4.9996376e-4,1.78766e-8,7.55029e-8,1.0,
-28.1956,36.8211,19.0506,-0.999501,-4.9996376e-4,1.78766e-8,7.55029e-8,1.0,
-13.3106,27.7331,22.4057,-0.9995,-0.99950004,2.8412e-7,2.26493e-7,-1.0,
-7.01893,32.1249,6.38887,-4.99517e-4,-0.99950004,1.78766e-8,7.55029e-8,1.0,
-10.049,25.6043,-7.92481,-4.99517e-4,-0.99950004,-1.0,1.80793e-7,-9.13973e-8,
-4.58829,35.0346,-28.9482,-4.99755e-4,-4.9996376e-4,-1.0,2.97985e-8,5.96008e-8,
18.3627,34.7218,-23.1271,-0.999501,-4.9996376e-4,-1.0,1.80793e-7,-9.13973e-8,
18.3627,34.7218,-23.1271,-0.999501,-4.9996376e-4,-1.0,1.80793e-7,-9.13973e-8,
12.902,25.2915,-2.10369,-0.9995,-0.99950004,-1.0,2.97985e-8,5.96008e-8,
-10.049,25.6043,-7.92481,-4.99517e-4,-0.99950004,-1.0,1.80793e-7,-9.13973e-8,
12.902,25.2915,-2.1037,-4.99517e-4,-0.99950004,1.0,1.21196e-7,-2.10599e-7,
18.3627,34.7218,-23.1271,-4.99755e-4,-4.9996376e-4,-1.0,1.80793e-7,-9.13973e-8,
-4.58829,35.0346,-28.9482,-0.999501,-4.9996376e-4,1.0,1.21196e-7,-2.10599e-7,
-4.58829,35.0346,-28.9482,-0.999501,-4.9996376e-4,1.0,1.21196e-7,-2.10599e-7,
-10.049,25.6043,-7.92481,-0.9995,-0.99950004,-1.0,1.80793e-7,-9.13973e-8,
12.902,25.2915,-2.1037,-4.99517e-4,-0.99950004,1.0,1.21196e-7,-2.10599e-7,
2.4467,14.5885,-9.62037,-4.99517e-4,-0.99950004,2.8412e-7,2.26493e-7,-1.0,
7.90745,24.0188,-30.6437,-4.99755e-4,-4.9996376e-4,1.33122e-7,7.54953e-8,-1.0,
5.867,45.7376,-21.4315,-0.999501,-4.9996376e-4,2.8412e-7,2.26493e-7,-1.0,
5.867,45.7376,-21.4315,-0.999501,-4.9996376e-4,2.8412e-7,2.26493e-7,-1.0,
0.406245,36.3073,-0.408141,-0.9995,-0.99950004,1.33122e-7,7.54953e-8,-1.0,
2.4467,14.5885,-9.62037,-4.99517e-4,-0.99950004,2.8412e-7,2.26493e-7,-1.0,
0.406249,36.3073,-0.40814,-4.99517e-4,-0.99950004,1.78766e-8,7.55029e-8,1.0,
5.867,45.7376,-21.4315,-4.99755e-4,-4.9996376e-4,2.8412e-7,2.26493e-7,-1.0,
7.90745,24.0188,-30.6437,-0.999501,-4.9996376e-4,1.78766e-8,7.55029e-8,1.0,
7.90745,24.0188,-30.6437,-0.999501,-4.9996376e-4,1.78766e-8,7.55029e-8,1.0,
2.4467,14.5885,-9.62037,-0.9995,-0.99950004,2.8412e-7,2.26493e-7,-1.0,
0.406249,36.3073,-0.40814,-4.99517e-4,-0.99950004,1.78766e-8,7.55029e-8,1.0,
2.03155,35.1991,-18.5616,-4.99517e-4,-0.99950004,-1.0,1.80793e-7,-9.13973e-8,
15.5942,49.1441,-21.8763,-4.99755e-4,-4.9996376e-4,-1.0,2.97985e-8,5.96008e-8,
25.686,43.0945,-6.03467,-0.999501,-4.9996376e-4,-1.0,1.80793e-7,-9.13973e-8,
25.686,43.0945,-6.03467,-0.999501,-4.9996376e-4,-1.0,1.80793e-7,-9.13973e-8,
12.1233,29.1494,-2.72007,-0.9995,-0.99950004,-1.0,2.97985e-8,5.96008e-8,
2.03155,35.1991,-18.5616,-4.99517e-4,-0.99950004,-1.0,1.80793e-7,-9.13973e-8,
12.1233,29.1494,-2.72007,-4.99517e-4,-0.99950004,1.0,1.21196e-7,-2.10599e-7,
25.686,43.0945,-6.03467,-4.99755e-4,-4.9996376e-4,-1.0,1.80793e-7,-9.13973e-8,
15.5942,49.1441,-21.8763,-0.999501,-4.9996376e-4,1.0,1.21196e-7,-2.10599e-7,
15.5942,49.1441,-21.8763,-0.999501,-4.9996376e-4,1.0,1.21196e-7,-2.10599e-7,
2.03155,35.1991,-18.5616,-0.9995,-0.99950004,-1.0,1.80793e-7,-9.13973e-8,
12.1233,29.1494,-2.72007,-4.99517e-4,-0.99950004,1.0,1.21196e-7,-2.10599e-7,
12.1668,25.8827,-16.2857,-4.99517e-4,-0.99950004,2.8412e-7,2.26493e-7,-1.0,
25.7295,39.8278,-19.6003,-4.99755e-4,-4.9996376e-4,1.33122e-7,7.54953e-8,-1.0,
15.5507,52.4109,-8.31066,-0.999501,-4.9996376e-4,2.8412e-7,2.26493e-7,-1.0,
15.5507,52.4109,-8.31066,-0.999501,-4.9996376e-4,2.8412e-7,2.26493e-7,-1.0,
1.98803,38.4658,-4.99605,-0.9995,-0.99950004,1.33122e-7,7.54953e-8,-1.0,
12.1668,25.8827,-16.2857,-4.99517e-4,-0.99950004,2.8412e-7,2.26493e-7,-1.0,
1.98804,38.4658,-4.99605,-4.99517e-4,-0.99950004,1.78766e-8,7.55029e-8,1.0,
15.5507,52.4109,-8.31066,-4.99755e-4,-4.9996376e-4,2.8412e-7,2.26493e-7,-1.0,
25.7295,39.8278,-19.6003,-0.999501,-4.9996376e-4,1.78766e-8,7.55029e-8,1.0,
25.7295,39.8278,-19.6003,-0.999501,-4.9996376e-4,1.78766e-8,7.55029e-8,1.0,
12.1668,25.8827,-16.2857,-0.9995,-0.99950004,2.8412e-7,2.26493e-7,-1.0,
1.98804,38.4658,-4.99605,-4.99517e-4,-0.99950004,1.78766e-8,7.55029e-8,1.0,
3.39175,40.6126,-17.0576,-4.99517e-4,-0.99950004,-1.0,1.80793e-7,-9.13973e-8,
15.4575,50.1236,-25.9666,-4.99755e-4,-4.9996376e-4,-1.0,2.97985e-8,5.96008e-8,
28.1699,38.8615,-20.773,-0.999501,-4.9996376e-4,-1.0,1.80793e-7,-9.13973e-8,
28.1699,38.8615,-20.773,-0.999501,-4.9996376e-4,-1.0,1.80793e-7,-9.13973e-8,
16.1041,29.3505,-11.864,-0.9995,-0.99950004,-1.0,2.97985e-8,5.96008e-8,
3.39175,40.6126,-17.0576,-4.99517e-4,-0.99950004,-1.0,1.80793e-7,-9.13973e-8,
16.1041,29.3505,-11.864,-4.99517e-4,-0.99950004,1.0,1.21196e-7,-2.10599e-7,
28.1699,38.8615,-20.773,-4.99755e-4,-4.9996376e-4,-1.0,1.80793e-7,-9.13973e-8,
15.4575,50.1236,-25.9666,-0.999501,-4.9996376e-4,1.0,1.21196e-7,-2.10599e-7,
15.4575,50.1236,-25.9666,-0.999501,-4.9996376e-4,1.0,1.21196e-7,-2.10599e-7,
3.39175,40.6126,-17.0576,-0.9995,-0.99950004,-1.0,1.80793e-7,-9.13973e-8,
16.1041,29.3505,-11.864,-4.99517e-4,-0.99950004,1.0,1.21196e-7,-2.10599e-7,
8.31388,30.0288,-21.6905,-4.99517e-4,-0.99950004,2.8412e-7,2.26493e-7,-1.0,
20.3797,39.5399,-30.5994,-4.99755e-4,-4.9996376e-4,1.33122e-7,7.54953e-8,-1.0,
23.2477,49.4453,-16.1401,-0.999501,-4.9996376e-4,2.8412e-7,2.26493e-7,-1.0,
23.2477,49.4453,-16.1401,-0.999501,-4.9996376e-4,2.8412e-7,2.26493e-7,-1.0,
11.1819,39.9342,-7.23122,-0.9995,-0.99950004,1.33122e-7,7.54953e-8,-1.0,
8.31388,30.0288,-21.6905,-4.99517e-4,-0.99950004,2.8412e-7,2.26493e-7,-1.0,
11.182,39.9342,-7.23122,-4.99517e-4,-0.99950004,1.78766e-8,7.55029e-8,1.0,
23.2477,49.4453,-16.1401,-4.99755e-4,-4.9996376e-4,2.8412e-7,2.26493e-7,-1.0,
20.3797,39.5399,-30.5994,-0.999501,-4.9996376e-4,1.78766e-8,7.55029e-8,1.0,
20.3797,39.5399,-30.5994,-0.999501,-4.9996376e-4,1.78766e-8,7.55029e-8,1.0,
8.31388,30.0288,-21.6905,-0.9995,-0.99950004,2.8412e-7,2.26493e-7,-1.0,
11.182,39.9342,-7.23122,-4.99517e-4,-0.99950004,1.78766e-8,7.55029e-8,1.0
])
